0.00000,2.8039,2.8311,2.8714,2.9191,2.9681,3.0144,3.0546,3.0874,3.1129,3.1321,-3.1375,-3.1288,-3.1245,-3.1246,-3.1292,-3.1383,3.1313,3.1138,3.0930,3.0700,3.0460,3.0217,2.9978,2.9743,2.9503,2.9237,2.8904,2.8436,2.7715,2.6547,2.4661,2.1892,1.8679,1.5975,1.4217,1.3235,1.2753,1.2571,1.2558,1.2629,1.2729,1.2822,1.2881,1.2898,1.2869,1.2799,1.2701,1.2588,1.2475,1.2377,1.2302,1.2257,1.2245,1.2267,1.2318,1.2396,1.2500,1.2624,1.2765,1.2916,1.3078,1.3244,1.3413,1.3583,1.3753,1.3921,1.4086,1.4247,1.4400,1.4538,1.4654,1.4737,1.4771,1.4727,1.4564,1.4207,1.3523,1.2257,0.99305,0.60036,0.12333,-0.23738,-0.44670,-0.56261,-0.62730,-0.66228,-0.67808,-0.68046,-0.67186,-0.65425,-0.62788,-0.59391,-0.55363,-0.50876,-0.46165,-0.41653,-0.37685,-0.34367,-0.32235,2.6794,2.8183,2.7990,2.7649,2.7253,2.6799,2.6327,2.5881,2.5477,2.5138,2.4875,2.4696,2.4612,2.4635,2.4794,2.5142,2.5788,2.6950,2.9044,-3.0177,-2.5411,-2.1487,-1.9157,-1.7893,-1.7208,-1.6852,-1.6689,-1.6646,-1.6679,-1.6762,-1.6878,-1.7016,-1.7168,-1.7330,-1.7495,-1.7663,-1.7834,-1.8003,-1.8172,-1.8339,-1.8499,-1.8651,-1.8792,-1.8916,-1.9019,-1.9098,-1.9149,-1.9171,-1.9159,-1.9114,-1.9039,-1.8941,-1.8828,-1.8715,-1.8616,-1.8547,-1.8518,-1.8535,-1.8594,-1.8686,-1.8788,-1.8858,-1.8845,-1.8664,-1.8179,-1.7198,-1.5439,-1.2739,-0.95199,-0.67532,-0.48689,-0.37024,-0.29802,-0.25104,-0.21787,-0.19118,-0.16723,-0.14381,-0.11980,-0.095630,-0.071461,-0.048594,-0.027733,-0.010249,0.0032739,0.012610,0.017065,0.016865,0.012868,0.0040081,-0.010007,-0.028454,-0.054718,-0.087641,-0.12521,-0.17288,-0.22424,-0.26547,-0.31686,-0.34705
0.84494,1.5837,2.1094,2.3853,2.5516,2.6676,2.7552,2.8242,2.8792,2.9240,2.9604,2.9903,3.0146,3.0340,3.0483,3.0577,3.0621,3.0616,3.0566,3.0481,3.0371,3.0247,3.0121,2.9999,2.9883,2.9763,2.9624,2.9424,2.9087,2.8474,2.7326,2.5208,2.1774,1.7846,1.4972,1.3395,1.2651,1.2363,1.2318,1.2393,1.2514,1.2633,1.2726,1.2774,1.2775,1.2729,1.2648,1.2544,1.2434,1.2334,1.2254,1.2202,1.2184,1.2199,1.2245,1.2321,1.2423,1.2546,1.2690,1.2846,1.3013,1.3186,1.3362,1.3538,1.3713,1.3886,1.4054,1.4217,1.4371,1.4513,1.4637,1.4732,1.4787,1.4781,1.4685,1.4447,1.3983,1.3139,1.1629,0.89823,0.49132,0.054784,-0.25618,-0.43885,-0.54224,-0.60039,-0.63090,-0.64320,-0.64194,-0.62934,-0.60705,-0.57573,-0.53556,-0.48800,-0.43427,-0.37394,-0.30809,-0.22993,-0.10027,0.46372,2.4053,2.6387,2.6819,2.6784,2.6543,2.6192,2.5796,2.5405,2.5052,2.4754,2.4529,2.4383,2.4327,2.4378,2.4565,2.4951,2.5663,2.6961,2.9366,-2.9307,-2.4256,-2.0608,-1.8608,-1.7561,-1.7017,-1.6754,-1.6655,-1.6657,-1.6724,-1.6832,-1.6967,-1.7119,-1.7279,-1.7445,-1.7612,-1.7780,-1.7947,-1.8112,-1.8274,-1.8430,-1.8580,-1.8720,-1.8844,-1.8951,-1.9036,-1.9094,-1.9123,-1.9120,-1.9083,-1.9016,-1.8919,-1.8806,-1.8684,-1.8570,-1.8479,-1.8419,-1.8404,-1.8430,-1.8492,-1.8571,-1.8636,-1.8642,-1.8524,-1.8199,-1.7532,-1.6367,-1.4534,-1.2066,-0.93906,-0.70960,-0.54188,-0.42803,-0.34992,-0.29410,-0.25028,-0.21306,-0.17836,-0.14412,-0.10926,-0.073646,-0.037887,-0.0029597,0.030307,0.060707,0.087584,0.11045,0.12922,0.14395,0.15496,0.16127,0.16224,0.15912,0.14803,0.13168,0.11278,0.093095,0.082208,0.10257,0.17547,0.37071
0.83144,1.2067,1.6142,1.9517,2.1954,2.3699,2.4977,2.5961,2.6742,2.7381,2.7918,2.8376,2.8770,2.9109,2.9392,2.9622,2.9796,2.9919,2.9994,3.0031,3.0043,3.0040,3.0036,3.0039,3.0054,3.0076,3.0090,3.0060,2.9910,2.9485,2.8457,2.6133,2.1719,1.6792,1.3884,1.2612,1.2142,1.2048,1.2127,1.2271,1.2423,1.2549,1.2629,1.2659,1.2636,1.2572,1.2480,1.2375,1.2273,1.2188,1.2131,1.2105,1.2116,1.2158,1.2232,1.2334,1.2460,1.2607,1.2769,1.2944,1.3125,1.3312,1.3497,1.3680,1.3860,1.4034,1.4201,1.4360,1.4507,1.4637,1.4743,1.4814,1.4836,1.4786,1.4628,1.4305,1.3718,1.2694,1.0924,0.79865,0.39251,0.0027003,-0.26495,-0.42402,-0.51539,-0.56645,-0.59197,-0.59957,-0.59339,-0.57561,-0.54733,-0.50888,-0.46035,-0.40228,-0.33307,-0.25044,-0.14350,0.024924,0.46749,1.7953,2.4139,2.5742,2.6233,2.6281,2.6096,2.5795,2.5439,2.5087,2.4765,2.4499,2.4299,2.4176,2.4141,2.4211,2.4422,2.4841,2.5621,2.7080,2.9850,-2.8236,-2.3082,-1.9812,-1.8125,-1.7269,-1.6848,-1.6666,-1.6623,-1.6667,-1.6763,-1.6894,-1.7045,-1.7208,-1.7376,-1.7546,-1.7715,-1.7882,-1.8046,-1.8204,-1.8359,-1.8507,-1.8647,-1.8775,-1.8886,-1.8977,-1.9044,-1.9083,-1.9091,-1.9065,-1.9007,-1.8918,-1.8806,-1.8679,-1.8553,-1.8439,-1.8353,-1.8303,-1.8295,-1.8324,-1.8376,-1.8428,-1.8443,-1.8370,-1.8138,-1.7667,-1.6844,-1.5555,-1.3739,-1.1528,-0.92681,-0.73251,-0.58320,-0.47403,-0.39294,-0.33056,-0.27835,-0.23216,-0.18763,-0.14323,-0.097588,-0.050687,-0.0031274,0.044384,0.090507,0.13428,0.17479,0.21193,0.24495,0.27401,0.29874,0.31812,0.33193,0.33888,0.33798,0.32907,0.31463,0.30219,0.30328,0.32905,0.40765,0.55922
0.80998,1.0591,1.3554,1.6514,1.9062,2.1071,2.2620,2.3829,2.4799,2.5603,2.6290,2.6889,2.7421,2.7891,2.8306,2.8665,2.8967,2.9214,2.9414,2.9575,2.9711,2.9836,2.9962,3.0103,3.0266,3.0453,3.0654,3.0841,3.0947,3.0825,3.0112,2.7788,2.1826,1.5397,1.2721,1.1877,1.1709,1.1801,1.1985,1.2179,1.2346,1.2463,1.2523,1.2527,1.2481,1.2400,1.2299,1.2196,1.2106,1.2042,1.2011,1.2015,1.2055,1.2128,1.2231,1.2362,1.2514,1.2683,1.2867,1.3061,1.3258,1.3456,1.3651,1.3840,1.4023,1.4198,1.4363,1.4516,1.4653,1.4768,1.4854,1.4897,1.4881,1.4779,1.4550,1.4130,1.3404,1.2178,1.0141,0.69794,0.30630,-0.036658,-0.26632,-0.40435,-0.48405,-0.52752,-0.54668,-0.54836,-0.53604,-0.51140,-0.47517,-0.42722,-0.36683,-0.29269,-0.20037,-0.078630,0.10468,0.46449,1.3109,2.1198,2.4305,2.5501,2.5949,2.5999,2.5839,2.5562,2.5230,2.4900,2.4601,2.4356,2.4175,2.4067,2.4046,2.4132,2.4363,2.4820,2.5680,2.7327,3.0546,-2.6971,-2.1949,-1.9103,-1.7698,-1.7011,-1.6694,-1.6583,-1.6590,-1.6671,-1.6795,-1.6947,-1.7112,-1.7285,-1.7460,-1.7633,-1.7802,-1.7968,-1.8128,-1.8282,-1.8430,-1.8570,-1.8701,-1.8818,-1.8918,-1.8995,-1.9046,-1.9067,-1.9055,-1.9008,-1.8930,-1.8823,-1.8696,-1.8562,-1.8431,-1.8321,-1.8239,-1.8195,-1.8187,-1.8209,-1.8240,-1.8253,-1.8203,-1.8040,-1.7694,-1.7089,-1.6144,-1.4795,-1.3059,-1.1101,-0.91712,-0.74999,-0.61581,-0.51192,-0.42964,-0.36239,-0.30350,-0.24907,-0.19549,-0.14112,-0.084987,-0.026183,0.033823,0.094472,0.15439,0.21217,0.26695,0.31794,0.36461,0.40665,0.44374,0.47364,0.49504,0.50676,0.50645,0.49418,0.47601,0.45348,0.44103,0.45893,0.51546,0.62619
0.78181,0.96854,1.1988,1.4489,1.6864,1.8906,2.0570,2.1914,2.3018,2.3945,2.4750,2.5463,2.6108,2.6696,2.7228,2.7704,2.8127,2.8497,2.8822,2.9109,2.9375,2.9634,2.9902,3.0196,3.0528,3.0907,3.1333,-3.1041,-3.0596,-3.0273,-3.0374,3.0820,2.2466,1.3422,1.1486,1.1200,1.1347,1.1608,1.1875,1.2102,1.2267,1.2367,1.2400,1.2376,1.2308,1.2211,1.2107,1.2012,1.1940,1.1900,1.1899,1.1937,1.2009,1.2114,1.2248,1.2407,1.2586,1.2782,1.2987,1.3198,1.3411,1.3620,1.3823,1.4017,1.4202,1.4376,1.4537,1.4681,1.4806,1.4904,1.4965,1.4975,1.4915,1.4754,1.4446,1.3915,1.3033,1.1591,0.92928,0.59987,0.23269,-0.065690,-0.26249,-0.38123,-0.44926,-0.48439,-0.49640,-0.49111,-0.47116,-0.43778,-0.39140,-0.33088,-0.25407,-0.15685,-0.028467,0.15575,0.46366,1.0456,1.7960,2.2441,2.4512,2.5462,2.5851,2.5881,2.5725,2.5452,2.5133,2.4818,2.4533,2.4303,2.4134,2.4039,2.4031,2.4131,2.4384,2.4886,2.5842,2.7727,-3.1348,-2.5556,-2.0880,-1.8465,-1.7314,-1.6775,-1.6551,-1.6502,-1.6555,-1.6669,-1.6820,-1.6989,-1.7170,-1.7352,-1.7532,-1.7707,-1.7876,-1.8039,-1.8195,-1.8344,-1.8487,-1.8620,-1.8743,-1.8852,-1.8940,-1.9005,-1.9041,-1.9045,-1.9015,-1.8948,-1.8853,-1.8731,-1.8593,-1.8452,-1.8322,-1.8213,-1.8133,-1.8090,-1.8077,-1.8081,-1.8082,-1.8043,-1.7920,-1.7661,-1.7205,-1.6490,-1.5461,-1.4115,-1.2500,-1.0772,-0.91090,-0.76530,-0.64388,-0.54470,-0.46227,-0.39135,-0.32679,-0.26480,-0.20278,-0.13832,-0.070768,0.00056025,0.074033,0.14881,0.22327,0.29586,0.36502,0.42968,0.48904,0.54237,0.58767,0.62315,0.64736,0.65748,0.65098,0.63012,0.59505,0.55866,0.53155,0.53051,0.56496,0.64717
0.74756,0.89812,1.0878,1.3025,1.5185,1.7156,1.8843,2.0247,2.1426,2.2435,2.3322,2.4122,2.4854,2.5536,2.6166,2.6749,2.7283,2.7771,2.8216,2.8632,2.9033,2.9435,2.9857,3.0323,3.0848,-3.1381,-3.0688,-2.9905,-2.9048,-2.8164,-2.7376,-2.7136,2.7202,1.0410,1.0161,1.0568,1.1035,1.1449,1.1780,1.2021,1.2175,1.2250,1.2253,1.2203,1.2117,1.2013,1.1911,1.1830,1.1781,1.1771,1.1804,1.1876,1.1984,1.2124,1.2290,1.2478,1.2685,1.2905,1.3132,1.3360,1.3587,1.3805,1.4014,1.4212,1.4397,1.4566,1.4720,1.4854,1.4964,1.5040,1.5072,1.5044,1.4933,1.4706,1.4309,1.3654,1.2602,1.0934,0.84045,0.50732,0.17105,-0.087223,-0.25516,-0.35640,-0.41287,-0.43898,-0.44289,-0.42916,-0.40002,-0.35638,-0.29688,-0.22008,-0.12088,0.0084715,0.18779,0.45924,0.89903,1.5113,2.0237,2.3189,2.4761,2.5549,2.5867,2.5882,2.5713,2.5437,2.5122,2.4816,2.4542,2.4321,2.4163,2.4077,2.4081,2.4195,2.4476,2.5031,2.6115,2.8306,-3.0130,-2.4059,-1.9894,-1.7892,-1.6966,-1.6555,-1.6413,-1.6423,-1.6519,-1.6665,-1.6839,-1.7027,-1.7219,-1.7408,-1.7593,-1.7768,-1.7936,-1.8095,-1.8247,-1.8392,-1.8530,-1.8658,-1.8774,-1.8874,-1.8952,-1.9005,-1.9027,-1.9014,-1.8968,-1.8886,-1.8774,-1.8641,-1.8496,-1.8351,-1.8219,-1.8112,-1.8034,-1.7986,-1.7960,-1.7940,-1.7899,-1.7801,-1.7600,-1.7247,-1.6691,-1.5896,-1.4832,-1.3528,-1.2055,-1.0536,-0.90907,-0.78048,-0.66979,-0.57558,-0.49345,-0.41957,-0.34980,-0.28062,-0.20973,-0.13449,-0.054787,0.029995,0.11839,0.20893,0.29934,0.38681,0.47020,0.54729,0.61680,0.67739,0.72744,0.76392,0.78557,0.78883,0.77101,0.73269,0.67979,0.62311,0.57974,0.56061,0.57951,0.64174
0.70804,0.83562,0.99918,1.1889,1.3866,1.5742,1.7404,1.8828,2.0044,2.1099,2.2035,2.2888,2.3684,2.4432,2.5140,2.5810,2.6442,2.7038,2.7601,2.8145,2.8684,2.9238,2.9830,3.0487,3.1234,-3.0734,-2.9732,-2.8582,-2.7281,-2.5832,-2.4205,-2.2084,-1.5299,0.59399,0.87325,0.99593,1.0750,1.1300,1.1678,1.1923,1.2058,1.2105,1.2082,1.2010,1.1910,1.1806,1.1715,1.1656,1.1637,1.1663,1.1733,1.1843,1.1987,1.2162,1.2361,1.2579,1.2814,1.3057,1.3304,1.3548,1.3786,1.4012,1.4224,1.4422,1.4603,1.4768,1.4911,1.5031,1.5121,1.5171,1.5169,1.5098,1.4931,1.4630,1.4134,1.3345,1.2110,1.0214,0.74998,0.42275,0.11962,-0.10302,-0.24619,-0.33107,-0.37589,-0.39236,-0.38737,-0.36398,-0.32413,-0.26774,-0.19219,-0.094354,0.033654,0.20566,0.44869,0.80620,1.2963,1.7964,2.1569,2.3774,2.5045,2.5712,2.5977,2.5962,2.5774,2.5489,2.5174,2.4870,2.4602,2.4388,2.4239,2.4164,2.4177,2.4308,2.4626,2.5256,2.6503,2.9100,-2.8613,-2.2559,-1.9001,-1.7375,-1.6644,-1.6348,-1.6284,-1.6347,-1.6484,-1.6660,-1.6857,-1.7061,-1.7262,-1.7457,-1.7642,-1.7818,-1.7982,-1.8137,-1.8285,-1.8425,-1.8559,-1.8682,-1.8792,-1.8885,-1.8954,-1.8995,-1.9004,-1.8978,-1.8914,-1.8818,-1.8694,-1.8552,-1.8403,-1.8257,-1.8126,-1.8020,-1.7938,-1.7881,-1.7836,-1.7783,-1.7694,-1.7530,-1.7251,-1.6814,-1.6182,-1.5335,-1.4276,-1.3048,-1.1720,-1.0386,-0.91191,-0.79723,-0.69575,-0.60571,-0.52432,-0.44798,-0.37321,-0.29706,-0.21677,-0.13027,-0.036797,0.063527,0.16885,0.27673,0.38363,0.48637,0.58258,0.66948,0.74551,0.80951,0.85937,0.89209,0.90615,0.89742,0.86353,0.80412,0.72944,0.65450,0.59344,0.56435,0.56998,0.61911
0.66586,0.77796,0.92387,1.0958,1.2796,1.4589,1.6220,1.7641,1.8870,1.9946,2.0907,2.1788,2.2617,2.3409,2.4171,2.4908,2.5620,2.6309,2.6982,2.7649,2.8329,2.9044,2.9822,3.0696,-3.1133,-2.9971,-2.8625,-2.7094,-2.5394,-2.3538,-2.1464,-1.8763,-1.3094,0.091963,0.71825,0.93465,1.0465,1.1137,1.1551,1.1792,1.1907,1.1929,1.1883,1.1797,1.1694,1.1599,1.1529,1.1499,1.1517,1.1583,1.1693,1.1843,1.2026,1.2236,1.2469,1.2717,1.2977,1.3242,1.3507,1.3763,1.4008,1.4238,1.4451,1.4646,1.4821,1.4975,1.5106,1.5208,1.5274,1.5294,1.5254,1.5134,1.4905,1.4523,1.3919,1.2985,1.1557,0.94445,0.66047,0.34653,0.076342,-0.11508,-0.23628,-0.30606,-0.33939,-0.34591,-0.33084,-0.29684,-0.24433,-0.17222,-0.077126,0.047181,0.21125,0.43335,0.73912,1.1427,1.5930,1.9786,2.2514,2.4286,2.5355,2.5927,2.6137,2.6091,2.5883,2.5586,2.5265,2.4958,2.4692,2.4482,2.4338,2.4272,2.4300,2.4461,2.4824,2.5548,2.7020,3.0155,-2.6818,-2.1124,-1.8196,-1.6902,-1.6347,-1.6158,-1.6163,-1.6278,-1.6454,-1.6659,-1.6876,-1.7093,-1.7301,-1.7499,-1.7683,-1.7855,-1.8014,-1.8165,-1.8309,-1.8445,-1.8575,-1.8694,-1.8798,-1.8883,-1.8944,-1.8974,-1.8970,-1.8930,-1.8852,-1.8746,-1.8613,-1.8465,-1.8313,-1.8167,-1.8038,-1.7931,-1.7844,-1.7773,-1.7704,-1.7614,-1.7471,-1.7244,-1.6891,-1.6384,-1.5699,-1.4834,-1.3811,-1.2675,-1.1487,-1.0314,-0.91975,-0.81694,-0.72329,-0.63744,-0.55652,-0.47813,-0.39853,-0.31514,-0.22477,-0.12557,-0.016458,0.10202,0.22677,0.35399,0.47833,0.59526,0.70147,0.79448,0.87312,0.93548,0.98034,1.0055,1.0077,0.98196,0.92857,0.84829,0.75084,0.65648,0.58368,0.54842,0.54915,0.58762
0.62221,0.72426,0.85796,1.0177,1.1917,1.3649,1.5251,1.6665,1.7896,1.8977,1.9945,2.0834,2.1677,2.2487,2.3278,2.4058,2.4829,2.5594,2.6363,2.7147,2.7968,2.8853,2.9836,3.0957,-3.0576,-2.9074,-2.7365,-2.5489,-2.3513,-2.1490,-1.9371,-1.6817,-1.2489,-0.27957,0.55219,0.86922,1.0147,1.0935,1.1381,1.1617,1.1715,1.1718,1.1661,1.1572,1.1477,1.1402,1.1363,1.1373,1.1432,1.1542,1.1697,1.1887,1.2109,1.2355,1.2619,1.2896,1.3180,1.3463,1.3740,1.4005,1.4254,1.4483,1.4692,1.4880,1.5045,1.5186,1.5299,1.5379,1.5417,1.5403,1.5320,1.5147,1.4851,1.4381,1.3661,1.2572,1.0949,0.86413,0.57405,0.27898,0.039863,-0.12471,-0.22634,-0.28217,-0.30421,-0.30019,-0.27423,-0.22802,-0.16079,-0.069913,0.049299,0.20549,0.41145,0.68282,1.0297,1.4258,1.8026,2.1064,2.3259,2.4748,2.5679,2.6171,2.6332,2.6250,2.6021,2.5707,2.5370,2.5062,2.4795,2.4586,2.4447,2.4391,2.4438,2.4629,2.5052,2.5907,2.7682,-3.1294,-2.4835,-1.9807,-1.7474,-1.6470,-1.6075,-1.5984,-1.6058,-1.6224,-1.6435,-1.6667,-1.6900,-1.7127,-1.7340,-1.7534,-1.7714,-1.7880,-1.8034,-1.8180,-1.8318,-1.8452,-1.8577,-1.8692,-1.8791,-1.8870,-1.8921,-1.8940,-1.8925,-1.8871,-1.8783,-1.8667,-1.8527,-1.8377,-1.8225,-1.8081,-1.7954,-1.7843,-1.7749,-1.7662,-1.7563,-1.7433,-1.7239,-1.6950,-1.6536,-1.5975,-1.5263,-1.4409,-1.3442,-1.2409,-1.1353,-1.0318,-0.93283,-0.84034,-0.75354,-0.67141,-0.59135,-0.51118,-0.42686,-0.33562,-0.23436,-0.12014,0.0074784,0.14758,0.29473,0.44255,0.58389,0.71239,0.82451,0.91883,0.99433,1.0507,1.0871,1.1002,1.0879,1.0435,0.96785,0.86124,0.74080,0.63220,0.55502,0.51784,0.51662,0.55235
0.57904,0.67417,0.79971,0.95135,1.1190,1.2884,1.4469,1.5879,1.7108,1.8184,1.9147,2.0032,2.0869,2.1678,2.2478,2.3276,2.4082,2.4902,2.5749,2.6639,2.7598,2.8662,2.9873,3.1281,-2.9910,-2.8028,-2.5964,-2.3828,-2.1747,-1.9767,-1.7813,-1.5578,-1.2130,-0.49562,0.38356,0.79673,0.97644,1.0672,1.1151,1.1391,1.1482,1.1479,1.1421,1.1342,1.1270,1.1228,1.1228,1.1284,1.1391,1.1549,1.1749,1.1983,1.2243,1.2524,1.2819,1.3120,1.3423,1.3720,1.4004,1.4272,1.4519,1.4744,1.4944,1.5121,1.5272,1.5395,1.5487,1.5540,1.5547,1.5495,1.5366,1.5135,1.4767,1.4204,1.3360,1.2109,1.0292,0.78250,0.49276,0.21910,0.0083576,-0.13256,-0.21692,-0.25969,-0.27039,-0.25549,-0.21763,-0.15713,-0.072499,0.040837,0.18937,0.38253,0.63127,0.93939,1.2919,1.6451,1.9565,2.2046,2.3893,2.5183,2.6003,2.6430,2.6545,2.6429,2.6170,2.5833,2.5483,2.5162,2.4890,2.4679,2.4544,2.4498,2.4565,2.4797,2.5299,2.6326,2.8525,-2.9518,-2.2784,-1.8630,-1.6830,-1.6087,-1.5834,-1.5837,-1.5977,-1.6188,-1.6433,-1.6687,-1.6933,-1.7163,-1.7374,-1.7564,-1.7737,-1.7894,-1.8041,-1.8180,-1.8315,-1.8443,-1.8566,-1.8677,-1.8770,-1.8842,-1.8884,-1.8893,-1.8865,-1.8801,-1.8705,-1.8581,-1.8439,-1.8288,-1.8137,-1.7996,-1.7870,-1.7755,-1.7651,-1.7545,-1.7417,-1.7247,-1.7005,-1.6664,-1.6202,-1.5609,-1.4892,-1.4071,-1.3175,-1.2243,-1.1308,-1.0393,-0.95143,-0.86784,-0.78754,-0.70920,-0.63034,-0.54858,-0.45970,-0.36032,-0.24637,-0.11447,0.035810,0.20189,0.37500,0.54482,0.70058,0.83608,0.94837,1.0385,1.1068,1.1536,1.1777,1.1769,1.1465,1.0806,0.97720,0.84412,0.70811,0.59108,0.51324,0.47795,0.47907,0.51344
0.53825,0.62888,0.74896,0.89550,1.0597,1.2272,1.3853,1.5261,1.6487,1.7556,1.8505,1.9373,2.0191,2.0986,2.1775,2.2571,2.3390,2.4242,2.5145,2.6124,2.7216,2.8467,2.9937,-3.1148,-2.9103,-2.6815,-2.4444,-2.2181,-2.0149,-1.8337,-1.6614,-1.4675,-1.1796,-0.61197,0.22486,0.71573,0.92978,1.0329,1.0856,1.1113,1.1211,1.1216,1.1175,1.1121,1.1084,1.1087,1.1138,1.1246,1.1408,1.1616,1.1863,1.2139,1.2437,1.2749,1.3068,1.3390,1.3706,1.4010,1.4296,1.4560,1.4801,1.5015,1.5202,1.5364,1.5496,1.5598,1.5664,1.5688,1.5660,1.5565,1.5387,1.5095,1.4651,1.3989,1.3017,1.1600,0.95994,0.70088,0.41732,0.16627,-0.019157,-0.13948,-0.20853,-0.23878,-0.23820,-0.21162,-0.16028,-0.083364,0.022410,0.16290,0.34578,0.57813,0.86183,1.1836,1.5123,1.8163,2.0752,2.2844,2.4450,2.5594,2.6328,2.6694,2.6766,2.6611,2.6320,2.5959,2.5587,2.5249,2.4964,2.4749,2.4613,2.4578,2.4667,2.4944,2.5547,2.6808,2.9620,-2.7300,-2.0840,-1.7597,-1.6265,-1.5752,-1.5635,-1.5724,-1.5924,-1.6180,-1.6453,-1.6722,-1.6975,-1.7203,-1.7406,-1.7587,-1.7748,-1.7896,-1.8035,-1.8168,-1.8298,-1.8423,-1.8541,-1.8648,-1.8737,-1.8800,-1.8833,-1.8831,-1.8793,-1.8720,-1.8616,-1.8487,-1.8345,-1.8196,-1.8049,-1.7911,-1.7784,-1.7666,-1.7551,-1.7425,-1.7269,-1.7062,-1.6777,-1.6396,-1.5901,-1.5299,-1.4596,-1.3822,-1.3004,-1.2172,-1.1343,-1.0539,-0.97592,-0.90036,-0.82610,-0.75203,-0.67489,-0.59191,-0.49870,-0.39061,-0.26237,-0.10882,0.069759,0.26801,0.47051,0.66135,0.82651,0.96230,1.0691,1.1496,1.2066,1.2411,1.2509,1.2330,1.1812,1.0901,0.95689,0.80099,0.65236,0.53611,0.46555,0.43625,0.44226,0.47545
0.50163,0.58929,0.70601,0.84968,1.0124,1.1797,1.3380,1.4791,1.6014,1.7070,1.8002,1.8844,1.9637,2.0403,2.1165,2.1943,2.2753,2.3613,2.4548,2.5598,2.6812,2.8263,3.0033,-3.0641,-2.8116,-2.5416,-2.2837,-2.0594,-1.8727,-1.7133,-1.5630,-1.3931,-1.1426,-0.66782,0.090191,0.62681,0.87328,0.99071,1.0497,1.0787,1.0910,1.0943,1.0934,1.0922,1.0935,1.0993,1.1104,1.1271,1.1489,1.1750,1.2043,1.2360,1.2691,1.3031,1.3371,1.3705,1.4027,1.4330,1.4612,1.4866,1.5093,1.5292,1.5462,1.5602,1.5713,1.5789,1.5826,1.5816,1.5751,1.5612,1.5381,1.5026,1.4501,1.3737,1.2631,1.1049,0.88811,0.62143,0.34800,0.11915,-0.043639,-0.14613,-0.20117,-0.21944,-0.20728,-0.16787,-0.10118,-0.0045016,0.12683,0.29992,0.52081,0.78912,1.0915,1.4014,1.6924,1.9504,2.1704,2.3521,2.4946,2.5979,2.6638,2.6952,2.6978,2.6787,2.6462,2.6070,2.5671,2.5307,2.5005,2.4778,2.4641,2.4609,2.4722,2.5052,2.5781,2.7371,3.1080,-2.4685,-1.9096,-1.6712,-1.5779,-1.5474,-1.5480,-1.5653,-1.5910,-1.6202,-1.6496,-1.6774,-1.7025,-1.7244,-1.7435,-1.7602,-1.7750,-1.7887,-1.8016,-1.8142,-1.8268,-1.8389,-1.8503,-1.8604,-1.8687,-1.8742,-1.8766,-1.8754,-1.8707,-1.8627,-1.8517,-1.8389,-1.8246,-1.8100,-1.7957,-1.7822,-1.7695,-1.7573,-1.7446,-1.7301,-1.7120,-1.6882,-1.6565,-1.6157,-1.5649,-1.5051,-1.4380,-1.3664,-1.2925,-1.2186,-1.1458,-1.0752,-1.0061,-0.93835,-0.87052,-0.80080,-0.72614,-0.64305,-0.54603,-0.42889,-0.28367,-0.10317,0.11203,0.35026,0.58486,0.79165,0.95892,1.0870,1.1822,1.2494,1.2922,1.3114,1.3048,1.2667,1.1895,1.0685,0.90735,0.73451,0.58246,0.47595,0.41554,0.39613,0.40524,0.44054
0.47009,0.55613,0.67102,0.81361,0.97612,1.1443,1.3036,1.4450,1.5668,1.6709,1.7617,1.8432,1.9188,1.9918,2.0642,2.1385,2.2167,2.3013,2.3958,2.5054,2.6378,2.8039,3.0168,-2.9985,-2.6898,-2.3825,-2.1187,-1.9101,-1.7461,-1.6087,-1.4776,-1.3253,-1.0991,-0.68494,-0.013318,0.53494,0.80843,0.94061,1.0081,1.0426,1.0596,1.0672,1.0715,1.0761,1.0836,1.0960,1.1138,1.1369,1.1647,1.1960,1.2298,1.2652,1.3011,1.3371,1.3724,1.4062,1.4381,1.4676,1.4944,1.5182,1.5390,1.5567,1.5715,1.5832,1.5916,1.5963,1.5969,1.5923,1.5816,1.5631,1.5346,1.4925,1.4319,1.3449,1.2207,1.0464,0.81527,0.54542,0.28473,0.077079,-0.065941,-0.15255,-0.19484,-0.20141,-0.17704,-0.12329,-0.038219,0.082587,0.24547,0.45661,0.71559,1.0079,1.3065,1.5872,1.8387,2.0588,2.2496,2.4106,2.5392,2.6335,2.6931,2.7198,2.7185,2.6957,2.6592,2.6161,2.5725,2.5331,2.5004,2.4759,2.4606,2.4575,2.4703,2.5092,2.5981,2.8037,-2.9718,-2.1933,-1.7616,-1.5971,-1.5380,-1.5260,-1.5381,-1.5630,-1.5937,-1.6257,-1.6564,-1.6841,-1.7081,-1.7286,-1.7459,-1.7607,-1.7742,-1.7866,-1.7987,-1.8106,-1.8226,-1.8343,-1.8452,-1.8548,-1.8622,-1.8669,-1.8683,-1.8662,-1.8607,-1.8521,-1.8409,-1.8280,-1.8139,-1.7999,-1.7861,-1.7729,-1.7601,-1.7473,-1.7337,-1.7176,-1.6974,-1.6714,-1.6377,-1.5955,-1.5449,-1.4871,-1.4244,-1.3590,-1.2930,-1.2280,-1.1644,-1.1029,-1.0424,-0.98223,-0.92115,-0.85661,-0.78573,-0.70386,-0.60416,-0.47812,-0.31345,-0.098422,0.16593,0.45406,0.71971,0.93314,1.0920,1.2056,1.2840,1.3352,1.3616,1.3634,1.3373,1.2755,1.1695,1.0157,0.82958,0.64883,0.50702,0.41614,0.37040,0.35876,0.37274,0.40974
0.44482,0.53030,0.64444,0.78699,0.95029,1.1199,1.2802,1.4220,1.5428,1.6451,1.7331,1.8112,1.8830,1.9514,2.0192,2.0887,2.1625,2.2433,2.3362,2.4478,2.5893,2.7779,3.0355,-2.9113,-2.5378,-2.2060,-1.9544,-1.7714,-1.6322,-1.5148,-1.3991,-1.2592,-1.0490,-0.67735,-0.086249,0.44466,0.73721,0.88486,0.96244,1.0045,1.0281,1.0426,1.0536,1.0654,1.0804,1.1003,1.1253,1.1551,1.1888,1.2251,1.2629,1.3014,1.3395,1.3765,1.4121,1.4453,1.4761,1.5039,1.5285,1.5500,1.5684,1.5836,1.5957,1.6046,1.6100,1.6116,1.6086,1.6003,1.5854,1.5622,1.5281,1.4793,1.4103,1.3126,1.1750,0.98545,0.74269,0.47358,0.22747,0.039137,-0.086555,-0.15919,-0.18932,-0.18419,-0.14659,-0.076058,0.031589,0.18273,0.38400,0.63651,0.92597,1.2224,1.4983,1.7430,1.9579,2.1484,2.3168,2.4621,2.5799,2.6667,2.7212,2.7436,2.7382,2.7114,2.6705,2.6230,2.5747,2.5313,2.4945,2.4666,2.4492,2.4444,2.4582,2.5026,2.6115,2.8900,-2.6846,-1.9369,-1.6395,-1.5363,-1.5069,-1.5116,-1.5344,-1.5661,-1.6007,-1.6346,-1.6652,-1.6918,-1.7140,-1.7322,-1.7475,-1.7604,-1.7722,-1.7833,-1.7945,-1.8058,-1.8172,-1.8283,-1.8387,-1.8475,-1.8540,-1.8579,-1.8584,-1.8554,-1.8493,-1.8401,-1.8289,-1.8162,-1.8026,-1.7889,-1.7755,-1.7625,-1.7499,-1.7367,-1.7222,-1.7050,-1.6836,-1.6562,-1.6216,-1.5795,-1.5303,-1.4760,-1.4182,-1.3595,-1.3012,-1.2447,-1.1900,-1.1369,-1.0847,-1.0326,-0.97853,-0.92075,-0.85500,-0.77667,-0.67683,-0.54343,-0.35682,-0.095827,0.23754,0.58589,0.87455,1.0811,1.2204,1.3132,1.3720,1.4048,1.4135,1.3956,1.3465,1.2561,1.1157,0.93105,0.73083,0.55596,0.43468,0.36241,0.33009,0.32722,0.34542,0.38454
0.42628,0.51200,0.62636,0.76970,0.93408,1.1049,1.2664,1.4079,1.5274,1.6274,1.7123,1.7865,1.8537,1.9173,1.9796,2.0434,2.1112,2.1866,2.2749,2.3852,2.5329,2.7455,3.0623,-2.7901,-2.3497,-2.0172,-1.7954,-1.6432,-1.5282,-1.4281,-1.3241,-1.1928,-0.99319,-0.65282,-0.13275,0.36272,0.66406,0.82582,0.91525,0.96686,0.99916,1.0218,1.0413,1.0616,1.0853,1.1134,1.1461,1.1826,1.2219,1.2628,1.3039,1.3445,1.3837,1.4208,1.4554,1.4871,1.5157,1.5408,1.5628,1.5813,1.5967,1.6089,1.6180,1.6238,1.6260,1.6242,1.6176,1.6055,1.5863,1.5582,1.5184,1.4629,1.3856,1.2773,1.1267,0.92327,0.67207,0.40705,0.17588,0.0048698,-0.10567,-0.16579,-0.18454,-0.16728,-0.11454,-0.023520,0.11253,0.30200,0.54873,0.84007,1.1423,1.4214,1.6632,1.8720,2.0567,2.2235,2.3745,2.5074,2.6165,2.6975,2.7474,2.7659,2.7569,2.7254,2.6798,2.6269,2.5732,2.5239,2.4816,2.4489,2.4269,2.4190,2.4311,2.4798,2.6134,3.0144,-2.3036,-1.7206,-1.5420,-1.4886,-1.4848,-1.5049,-1.5371,-1.5745,-1.6120,-1.6462,-1.6758,-1.7001,-1.7196,-1.7352,-1.7480,-1.7590,-1.7691,-1.7792,-1.7893,-1.7999,-1.8107,-1.8211,-1.8307,-1.8386,-1.8443,-1.8471,-1.8467,-1.8431,-1.8363,-1.8270,-1.8157,-1.8032,-1.7902,-1.7770,-1.7641,-1.7514,-1.7388,-1.7254,-1.7105,-1.6928,-1.6706,-1.6428,-1.6086,-1.5677,-1.5213,-1.4710,-1.4189,-1.3670,-1.3163,-1.2680,-1.2215,-1.1769,-1.1331,-1.0890,-1.0431,-0.99313,-0.93517,-0.86345,-0.76735,-0.63059,-0.42112,-0.097082,0.33681,0.75399,1.0459,1.2276,1.3391,1.4067,1.4442,1.4570,1.4452,1.4046,1.3277,1.2030,1.0283,0.82030,0.62071,0.46730,0.36915,0.31643,0.29679,0.30156,0.32389,0.36481
0.41484,0.50129,0.61666,0.76099,0.92670,1.0985,1.2601,1.4008,1.5184,1.6156,1.6969,1.7670,1.8294,1.8875,1.9438,2.0008,2.0614,2.1293,2.2103,2.3149,2.4645,2.7020,3.1028,-2.6137,-2.1236,-1.8246,-1.6454,-1.5252,-1.4319,-1.3461,-1.2509,-1.1249,-0.93248,-0.61775,-0.15937,0.29251,0.59373,0.76770,0.86924,0.93208,0.97462,1.0074,1.0365,1.0667,1.0995,1.1365,1.1769,1.2199,1.2643,1.3089,1.3524,1.3938,1.4328,1.4686,1.5012,1.5302,1.5557,1.5776,1.5960,1.6111,1.6232,1.6321,1.6378,1.6403,1.6391,1.6338,1.6236,1.6074,1.5839,1.5510,1.5057,1.4435,1.3577,1.2392,1.0761,0.86095,0.60471,0.34605,0.12948,-0.026271,-0.12379,-0.17252,-0.17999,-0.14941,-0.078817,0.037900,0.21148,0.45008,0.74525,1.0609,1.3516,1.5973,1.8021,1.9793,2.1391,2.2875,2.4248,2.5475,2.6499,2.7259,2.7718,2.7873,2.7746,2.7389,2.6877,2.6280,2.5670,2.5102,2.4603,2.4199,2.3907,2.3759,2.3823,2.4298,2.5912,-3.0466,-1.8918,-1.5502,-1.4651,-1.4532,-1.4717,-1.5057,-1.5464,-1.5879,-1.6264,-1.6597,-1.6869,-1.7082,-1.7245,-1.7371,-1.7474,-1.7564,-1.7650,-1.7739,-1.7832,-1.7929,-1.8030,-1.8127,-1.8212,-1.8283,-1.8330,-1.8347,-1.8334,-1.8291,-1.8219,-1.8125,-1.8014,-1.7892,-1.7766,-1.7638,-1.7514,-1.7391,-1.7266,-1.7135,-1.6985,-1.6807,-1.6587,-1.6316,-1.5986,-1.5602,-1.5173,-1.4719,-1.4258,-1.3808,-1.3377,-1.2971,-1.2587,-1.2223,-1.1868,-1.1517,-1.1148,-1.0744,-1.0262,-0.96527,-0.87989,-0.74754,-0.52100,-0.10775,0.48451,0.96133,1.2239,1.3645,1.4427,1.4837,1.4985,1.4896,1.4548,1.3872,1.2774,1.1156,0.91058,0.69520,0.51517,0.39004,0.31610,0.28101,0.27267,0.28301,0.31002,0.35204
0.41017,0.49807,0.61471,0.76027,0.92695,1.0990,1.2598,1.3987,1.5137,1.6077,1.6851,1.7506,1.8079,1.8602,1.9099,1.9595,2.0117,2.0699,2.1403,2.2342,2.3779,2.6379,-3.1120,-2.3508,-1.8718,-1.6387,-1.5067,-1.4165,-1.3420,-1.2675,-1.1787,-1.0560,-0.86969,-0.57712,-0.17107,0.23669,0.53064,0.71378,0.82751,0.90247,0.95674,1.0007,1.0411,1.0818,1.1247,1.1705,1.2184,1.2672,1.3158,1.3627,1.4071,1.4481,1.4854,1.5188,1.5482,1.5735,1.5950,1.6129,1.6275,1.6388,1.6471,1.6524,1.6547,1.6537,1.6490,1.6401,1.6261,1.6060,1.5783,1.5407,1.4899,1.4212,1.3276,1.1991,1.0249,0.80034,0.54191,0.29150,0.088037,-0.054399,-0.14064,-0.17904,-0.17521,-0.12954,-0.036494,0.11478,0.33873,0.63636,0.97150,1.2847,1.5419,1.7474,1.9183,2.0688,2.2089,2.3423,2.4687,2.5834,2.6800,2.7522,2.7953,2.8079,2.7920,2.7513,2.6938,2.6259,2.5555,2.4884,2.4281,2.3769,2.3363,2.3085,2.3000,2.3318,2.5098,-2.5045,-1.5469,-1.4194,-1.4062,-1.4293,-1.4680,-1.5142,-1.5613,-1.6052,-1.6434,-1.6743,-1.6977,-1.7153,-1.7280,-1.7376,-1.7454,-1.7527,-1.7599,-1.7677,-1.7760,-1.7850,-1.7941,-1.8028,-1.8104,-1.8163,-1.8199,-1.8208,-1.8187,-1.8137,-1.8062,-1.7967,-1.7857,-1.7738,-1.7616,-1.7495,-1.7375,-1.7256,-1.7135,-1.7007,-1.6862,-1.6691,-1.6482,-1.6225,-1.5918,-1.5566,-1.5181,-1.4780,-1.4381,-1.4000,-1.3642,-1.3312,-1.3008,-1.2727,-1.2457,-1.2197,-1.1926,-1.1632,-1.1279,-1.0823,-1.0152,-0.90379,-0.67942,-0.14152,0.72069,1.2007,1.3963,1.4863,1.5286,1.5422,1.5330,1.5002,1.4388,1.3388,1.1907,0.99399,0.77319,0.57216,0.42263,0.32735,0.27510,0.25445,0.25485,0.27132,0.30106,0.34646
0.41186,0.50192,0.62019,0.76680,0.93364,1.1048,1.2635,1.3998,1.5115,1.6016,1.6749,1.7356,1.7875,1.8337,1.8764,1.9178,1.9603,2.0068,2.0627,2.1390,2.2638,2.5327,-2.9714,-1.9814,-1.6185,-1.4676,-1.3808,-1.3166,-1.2575,-1.1919,-1.1075,-0.98710,-0.80595,-0.53372,-0.17243,0.19457,0.47734,0.66709,0.79291,0.88050,0.94744,1.0040,1.0563,1.1083,1.1614,1.2157,1.2703,1.3239,1.3753,1.4231,1.4667,1.5057,1.5401,1.5697,1.5948,1.6156,1.6326,1.6460,1.6561,1.6633,1.6677,1.6693,1.6680,1.6635,1.6553,1.6428,1.6252,1.6013,1.5694,1.5272,1.4712,1.3964,1.2952,1.1577,0.97418,0.74277,0.48494,0.24296,0.051590,-0.079983,-0.15643,-0.18518,-0.16927,-0.10541,0.017349,0.21701,0.50860,0.86731,1.2146,1.4945,1.7067,1.8738,2.0151,2.1444,2.2683,2.3898,2.5072,2.6158,2.7080,2.7772,2.8182,2.8286,2.8093,2.7637,2.6982,2.6202,2.5377,2.4570,2.3820,2.3146,2.2562,2.2063,2.1664,2.1454,2.2224,-1.4333,-1.2975,-1.3188,-1.3628,-1.4160,-1.4729,-1.5292,-1.5812,-1.6257,-1.6613,-1.6880,-1.7071,-1.7205,-1.7297,-1.7364,-1.7421,-1.7476,-1.7537,-1.7604,-1.7680,-1.7760,-1.7841,-1.7916,-1.7982,-1.8028,-1.8053,-1.8052,-1.8022,-1.7967,-1.7890,-1.7794,-1.7685,-1.7569,-1.7452,-1.7335,-1.7220,-1.7107,-1.6995,-1.6873,-1.6739,-1.6580,-1.6388,-1.6154,-1.5877,-1.5565,-1.5228,-1.4885,-1.4550,-1.4237,-1.3950,-1.3695,-1.3468,-1.3268,-1.3084,-1.2915,-1.2749,-1.2573,-1.2371,-1.2110,-1.1713,-1.1007,-0.93311,-0.25594,1.1029,1.4495,1.5511,1.5871,1.5940,1.5796,1.5447,1.4844,1.3911,1.2544,1.0687,0.84840,0.63528,0.46406,0.34746,0.27911,0.24556,0.23647,0.24396,0.26517,0.29778,0.34552
0.41945,0.51187,0.63194,0.77939,0.94541,1.1143,1.2697,1.4021,1.5098,1.5958,1.6645,1.7203,1.7666,1.8064,1.8417,1.8742,1.9059,1.9385,1.9759,2.0255,2.1096,2.3354,-2.5389,-1.5625,-1.3899,-1.3161,-1.2677,-1.2249,-1.1781,-1.1191,-1.0377,-0.91927,-0.74376,-0.49078,-0.16655,0.16542,0.43621,0.63065,0.76743,0.86842,0.94895,1.0185,1.0837,1.1469,1.2099,1.2719,1.3320,1.3887,1.4409,1.4879,1.5293,1.5648,1.5948,1.6197,1.6397,1.6553,1.6672,1.6757,1.6813,1.6842,1.6846,1.6824,1.6775,1.6695,1.6578,1.6419,1.6208,1.5931,1.5573,1.5108,1.4500,1.3695,1.2617,1.1167,0.92545,0.69026,0.43511,0.20164,0.020017,-0.10273,-0.17105,-0.19045,-0.16085,-0.073523,0.091449,0.36266,0.73891,1.1352,1.4523,1.6788,1.8455,1.9791,2.0966,2.2084,2.3192,2.4310,2.5412,2.6449,2.7339,2.8012,2.8412,2.8500,2.8279,2.7765,2.7017,2.6109,2.5120,2.4127,2.3172,2.2276,2.1421,2.0560,1.9583,1.8066,1.1829,-0.84716,-1.1202,-1.2411,-1.3324,-1.4127,-1.4856,-1.5499,-1.6038,-1.6466,-1.6781,-1.6999,-1.7141,-1.7231,-1.7288,-1.7332,-1.7370,-1.7413,-1.7463,-1.7521,-1.7589,-1.7658,-1.7728,-1.7792,-1.7843,-1.7879,-1.7892,-1.7880,-1.7844,-1.7784,-1.7702,-1.7605,-1.7498,-1.7385,-1.7272,-1.7160,-1.7053,-1.6948,-1.6844,-1.6736,-1.6616,-1.6475,-1.6306,-1.6102,-1.5862,-1.5595,-1.5311,-1.5027,-1.4756,-1.4510,-1.4294,-1.4111,-1.3957,-1.3833,-1.3733,-1.3653,-1.3591,-1.3540,-1.3495,-1.3452,-1.3391,-1.3279,-1.2953,-0.92662,1.6205,1.6770,1.6793,1.6648,1.6368,1.5936,1.5300,1.4380,1.3074,1.1314,0.91802,0.69750,0.51033,0.37566,0.29042,0.24406,0.22539,0.22508,0.23890,0.26417,0.30000,0.35091
0.43224,0.52753,0.64925,0.79687,0.96087,1.1259,1.2767,1.4043,1.5073,1.5887,1.6527,1.7034,1.7441,1.7772,1.8046,1.8277,1.8472,1.8638,1.8782,1.8905,1.9014,1.9111,-1.2192,-1.2106,-1.1996,-1.1858,-1.1670,-1.1410,-1.1039,-1.0497,-0.97048,-0.85406,-0.68481,-0.44893,-0.15539,0.14781,0.40739,0.60545,0.75348,0.86805,0.96223,1.0457,1.1232,1.1976,1.2694,1.3377,1.4014,1.4592,1.5106,1.5549,1.5923,1.6232,1.6479,1.6671,1.6814,1.6915,1.6980,1.7014,1.7023,1.7009,1.6972,1.6913,1.6829,1.6715,1.6565,1.6373,1.6129,1.5818,1.5424,1.4920,1.4268,1.3412,1.2277,1.0767,0.88088,0.64423,0.39311,0.16737,-0.0064837,-0.12245,-0.18405,-0.19430,-0.14805,-0.027760,0.20307,0.57964,1.0364,1.4121,1.6634,1.8335,1.9604,2.0667,2.1650,2.2626,2.3631,2.4671,2.5716,2.6714,2.7584,2.8252,2.8649,2.8732,2.8482,2.7907,2.7047,2.5968,2.4762,2.3516,2.2282,2.1071,1.9839,1.8469,1.6645,1.3295,0.42388,-0.60256,-0.98658,-1.1796,-1.3130,-1.4178,-1.5042,-1.5736,-1.6273,-1.6659,-1.6918,-1.7080,-1.7174,-1.7224,-1.7254,-1.7277,-1.7302,-1.7335,-1.7377,-1.7428,-1.7484,-1.7544,-1.7601,-1.7653,-1.7692,-1.7714,-1.7716,-1.7695,-1.7650,-1.7584,-1.7500,-1.7401,-1.7295,-1.7185,-1.7076,-1.6971,-1.6871,-1.6777,-1.6686,-1.6593,-1.6492,-1.6376,-1.6235,-1.6067,-1.5869,-1.5650,-1.5422,-1.5199,-1.4991,-1.4811,-1.4661,-1.4545,-1.4461,-1.4409,-1.4385,-1.4390,-1.4423,-1.4489,-1.4595,-1.4762,-1.5034,-1.5543,-1.6815,-2.4873,2.0812,1.8637,1.7783,1.7159,1.6536,1.5790,1.4827,1.3533,1.1840,0.97639,0.75538,0.55749,0.40734,0.30755,0.24870,0.22008,0.21248,0.21967,0.23812,0.26710,0.30673,0.36012
0.44958,0.54745,0.67092,0.81770,0.97848,1.1384,1.2832,1.4051,1.5029,1.5793,1.6384,1.6838,1.7187,1.7450,1.7643,1.7773,1.7837,1.7823,1.7693,1.7337,1.6350,1.1672,-0.62051,-0.96661,-1.0482,-1.0752,-1.0787,-1.0653,-1.0351,-0.98454,-0.90721,-0.79299,-0.63000,-0.40946,-0.14044,0.14070,0.39156,0.59370,0.75248,0.88037,0.98894,1.0858,1.1753,1.2597,1.3383,1.4107,1.4758,1.5326,1.5810,1.6212,1.6536,1.6788,1.6976,1.7107,1.7189,1.7232,1.7242,1.7225,1.7186,1.7129,1.7054,1.6958,1.6840,1.6694,1.6514,1.6292,1.6017,1.5675,1.5249,1.4711,1.4020,1.3124,1.1947,1.0399,0.84170,0.60632,0.36044,0.14108,-0.027352,-0.13859,-0.19497,-0.19515,-0.12678,0.045115,0.38777,0.90334,1.3696,1.6617,1.8390,1.9600,2.0552,2.1400,2.2230,2.3093,2.4010,2.4985,2.5987,2.6960,2.7824,2.8495,2.8906,2.8993,2.8722,2.8076,2.7073,2.5768,2.4261,2.2664,2.1057,1.9450,1.7780,1.5866,1.3324,0.92488,0.24383,-0.45248,-0.87646,-1.1291,-1.3014,-1.4292,-1.5259,-1.5974,-1.6478,-1.6808,-1.7005,-1.7110,-1.7159,-1.7179,-1.7186,-1.7195,-1.7213,-1.7239,-1.7275,-1.7319,-1.7366,-1.7415,-1.7461,-1.7499,-1.7525,-1.7535,-1.7526,-1.7495,-1.7442,-1.7370,-1.7282,-1.7181,-1.7076,-1.6968,-1.6864,-1.6766,-1.6676,-1.6595,-1.6520,-1.6447,-1.6370,-1.6283,-1.6176,-1.6046,-1.5894,-1.5728,-1.5556,-1.5392,-1.5246,-1.5127,-1.5040,-1.4985,-1.4964,-1.4977,-1.5019,-1.5097,-1.5212,-1.5376,-1.5610,-1.5954,-1.6498,-1.7471,-1.9706,-2.7297,2.3836,2.0040,1.8451,1.7374,1.6388,1.5292,1.3956,1.2266,1.0241,0.80515,0.60227,0.44047,0.32742,0.25743,0.21885,0.20359,0.20477,0.21815,0.24123,0.27363,0.31701,0.37423
0.47076,0.57143,0.69595,0.84096,0.99732,1.1506,1.2883,1.4036,1.4956,1.5668,1.6208,1.6610,1.6898,1.7093,1.7203,1.7227,1.7153,1.6943,1.6506,1.5600,1.3364,0.60636,-0.44768,-0.80486,-0.93021,-0.98305,-1.0020,-0.99752,-0.97260,-0.92485,-0.84886,-0.73734,-0.58060,-0.37288,-0.12229,0.14271,0.38815,0.59546,0.76516,0.90665,1.0288,1.1383,1.2383,1.3301,1.4135,1.4875,1.5514,1.6053,1.6494,1.6843,1.7108,1.7298,1.7423,1.7492,1.7512,1.7497,1.7452,1.7384,1.7301,1.7202,1.7089,1.6959,1.6810,1.6634,1.6426,1.6176,1.5875,1.5507,1.5053,1.4487,1.3768,1.2842,1.1637,1.0076,0.81034,0.57864,0.33846,0.12389,-0.041421,-0.15057,-0.20270,-0.19085,-0.088670,0.17792,0.71637,1.3200,1.6764,1.8646,1.9794,2.0626,2.1334,2.2012,2.2719,2.3488,2.4338,2.5260,2.6231,2.7190,2.8063,2.8758,2.9196,2.9302,2.9016,2.8290,2.7105,2.5488,2.3553,2.1479,1.9404,1.7387,1.5361,1.3167,1.0505,0.69334,0.20871,-0.33179,-0.77477,-1.0829,-1.2943,-1.4428,-1.5469,-1.6174,-1.6621,-1.6883,-1.7018,-1.7074,-1.7087,-1.7084,-1.7082,-1.7084,-1.7098,-1.7122,-1.7155,-1.7192,-1.7232,-1.7271,-1.7305,-1.7330,-1.7344,-1.7343,-1.7322,-1.7281,-1.7220,-1.7140,-1.7048,-1.6946,-1.6840,-1.6736,-1.6638,-1.6548,-1.6471,-1.6404,-1.6348,-1.6300,-1.6250,-1.6194,-1.6125,-1.6038,-1.5936,-1.5822,-1.5706,-1.5600,-1.5513,-1.5451,-1.5419,-1.5420,-1.5450,-1.5515,-1.5612,-1.5747,-1.5927,-1.6167,-1.6495,-1.6960,-1.7677,-1.8904,-2.1408,-2.7658,2.5772,2.1005,1.8753,1.7223,1.5845,1.4355,1.2614,1.0596,0.84305,0.63879,0.47102,0.34872,0.26805,0.22113,0.19849,0.19393,0.20212,0.22026,0.24746,0.28377,0.33069,0.39163
0.49501,0.59839,0.72332,0.86575,1.0161,1.1617,1.2914,1.3995,1.4853,1.5510,1.5997,1.6344,1.6574,1.6700,1.6725,1.6643,1.6425,1.6011,1.5259,1.3804,1.0576,0.34671,-0.37021,-0.69585,-0.83881,-0.90713,-0.93608,-0.93835,-0.91698,-0.87118,-0.79688,-0.68777,-0.53659,-0.33900,-0.10149,0.15347,0.39721,0.61110,0.79241,0.94697,1.0818,1.2016,1.3098,1.4063,1.4910,1.5639,1.6248,1.6742,1.7129,1.7419,1.7623,1.7750,1.7812,1.7818,1.7779,1.7705,1.7607,1.7491,1.7363,1.7225,1.7078,1.6917,1.6739,1.6537,1.6305,1.6032,1.5708,1.5319,1.4843,1.4255,1.3517,1.2577,1.1368,0.98175,0.78821,0.56284,0.32864,0.11775,-0.046906,-0.15642,-0.20492,-0.17662,-0.011694,0.46460,1.2490,1.7138,1.9155,2.0208,2.0900,2.1458,2.1978,2.2527,2.3135,2.3829,2.4619,2.5501,2.6451,2.7413,2.8308,2.9046,2.9534,2.9679,2.9397,2.8584,2.7156,2.5080,2.2518,1.9810,1.7274,1.5012,1.2933,1.0862,0.85947,0.58300,0.22555,-0.21585,-0.66914,-1.0335,-1.2866,-1.4542,-1.5617,-1.6281,-1.6662,-1.6857,-1.6937,-1.6954,-1.6948,-1.6936,-1.6930,-1.6936,-1.6953,-1.6979,-1.7010,-1.7044,-1.7077,-1.7107,-1.7130,-1.7146,-1.7148,-1.7135,-1.7103,-1.7051,-1.6982,-1.6895,-1.6798,-1.6694,-1.6590,-1.6489,-1.6398,-1.6320,-1.6256,-1.6207,-1.6173,-1.6149,-1.6131,-1.6111,-1.6082,-1.6040,-1.5987,-1.5927,-1.5867,-1.5815,-1.5780,-1.5770,-1.5785,-1.5830,-1.5904,-1.6008,-1.6145,-1.6320,-1.6543,-1.6832,-1.7215,-1.7751,-1.8545,-1.9842,-2.2256,-2.7434,2.7138,2.1536,1.8605,1.6582,1.4770,1.2875,1.0814,0.86642,0.66422,0.49431,0.36712,0.27932,0.22461,0.19564,0.18521,0.18862,0.20249,0.22520,0.25590,0.29614,0.34717,0.41205
0.52184,0.62752,0.75206,0.89088,1.0344,1.1714,1.2923,1.3927,1.4719,1.5318,1.5752,1.6046,1.6216,1.6273,1.6216,1.6028,1.5670,1.5058,1.4007,1.2091,0.83508,0.21724,-0.32775,-0.62071,-0.76890,-0.84586,-0.88141,-0.88790,-0.86908,-0.82495,-0.75208,-0.64540,-0.49856,-0.30806,-0.078185,0.17240,0.41873,0.64120,0.83438,1.0007,1.1460,1.2735,1.3858,1.4835,1.5670,1.6364,1.6926,1.7366,1.7695,1.7926,1.8068,1.8134,1.8134,1.8080,1.7982,1.7854,1.7704,1.7543,1.7374,1.7201,1.7021,1.6833,1.6630,1.6407,1.6153,1.5863,1.5522,1.5116,1.4626,1.4027,1.3280,1.2341,1.1148,0.96398,0.77722,0.56102,0.33406,0.12563,-0.040562,-0.15234,-0.19724,-0.13795,0.18450,1.1319,1.7860,1.9981,2.0879,2.1391,2.1772,2.2130,2.2513,2.2956,2.3484,2.4114,2.4858,2.5709,2.6649,2.7629,2.8569,2.9373,2.9942,3.0159,2.9902,2.9004,2.7241,2.4453,2.0927,1.7517,1.4768,1.2630,1.0847,0.91880,0.74383,0.53766,0.26990,-0.094990,-0.54707,-0.96953,-1.2686,-1.4540,-1.5630,-1.6241,-1.6555,-1.6693,-1.6738,-1.6738,-1.6727,-1.6722,-1.6727,-1.6744,-1.6771,-1.6802,-1.6836,-1.6868,-1.6897,-1.6921,-1.6937,-1.6943,-1.6935,-1.6910,-1.6868,-1.6806,-1.6727,-1.6634,-1.6532,-1.6427,-1.6324,-1.6229,-1.6146,-1.6080,-1.6033,-1.6004,-1.5994,-1.5999,-1.6013,-1.6031,-1.6045,-1.6050,-1.6048,-1.6039,-1.6030,-1.6028,-1.6040,-1.6071,-1.6125,-1.6204,-1.6308,-1.6438,-1.6600,-1.6797,-1.7041,-1.7351,-1.7757,-1.8309,-1.9105,-2.0341,-2.2491,-2.6811,2.8270,2.1559,1.7810,1.5255,1.3034,1.0856,0.87180,0.67387,0.50756,0.37931,0.28790,0.22815,0.19350,0.17813,0.17704,0.18705,0.20567,0.23247,0.26723,0.31099,0.36628,0.43545
0.55077,0.65813,0.78158,0.91568,1.0516,1.1793,1.2911,1.3834,1.4557,1.5098,1.5478,1.5718,1.5831,1.5822,1.5685,1.5397,1.4908,1.4116,1.2814,1.0577,0.67242,0.14334,-0.30247,-0.56876,-0.71658,-0.79787,-0.83759,-0.84687,-0.82977,-0.78669,-0.71513,-0.61031,-0.46661,-0.27964,-0.052495,0.19969,0.45298,0.68611,0.89074,1.0669,1.2188,1.3500,1.4628,1.5582,1.6376,1.7019,1.7526,1.7908,1.8179,1.8352,1.8437,1.8444,1.8386,1.8274,1.8122,1.7941,1.7745,1.7541,1.7335,1.7130,1.6924,1.6712,1.6488,1.6246,1.5978,1.5673,1.5321,1.4905,1.4409,1.3807,1.3067,1.2148,1.0997,0.95583,0.77977,0.57553,0.35840,0.15337,-0.015691,-0.13069,-0.16672,-0.022387,0.92160,1.9108,2.1190,2.1824,2.2103,2.2285,2.2462,2.2677,2.2953,2.3313,2.3772,2.4350,2.5055,2.5886,2.6831,2.7846,2.8854,2.9762,3.0450,3.0788,3.0615,2.9645,2.7400,2.3343,1.8394,1.4608,1.2204,1.0559,0.92627,0.80668,0.68107,0.53154,0.33092,0.034817,-0.39755,-0.87477,-1.2264,-1.4313,-1.5418,-1.5983,-1.6254,-1.6362,-1.6395,-1.6407,-1.6414,-1.6430,-1.6461,-1.6499,-1.6542,-1.6585,-1.6624,-1.6660,-1.6688,-1.6708,-1.6720,-1.6717,-1.6701,-1.6667,-1.6614,-1.6543,-1.6456,-1.6356,-1.6250,-1.6145,-1.6045,-1.5958,-1.5886,-1.5833,-1.5803,-1.5796,-1.5812,-1.5847,-1.5896,-1.5954,-1.6012,-1.6064,-1.6110,-1.6150,-1.6187,-1.6228,-1.6280,-1.6344,-1.6426,-1.6526,-1.6647,-1.6790,-1.6960,-1.7163,-1.7410,-1.7718,-1.8114,-1.8641,-1.9375,-2.0465,-2.2253,-2.5749,2.9518,2.0713,1.5955,1.3003,1.0628,0.85004,0.66224,0.50507,0.38160,0.29069,0.22915,0.19085,0.17141,0.16659,0.17298,0.18833,0.21110,0.24168,0.28004,0.32833,0.38762,0.46085
0.58141,0.68987,0.81124,0.93991,1.0675,1.1856,1.2881,1.3721,1.4375,1.4856,1.5182,1.5370,1.5428,1.5359,1.5149,1.4772,1.4169,1.3227,1.1737,0.93198,0.55637,0.095640,-0.28809,-0.53388,-0.67919,-0.76257,-0.80442,-0.81554,-0.79961,-0.75744,-0.68670,-0.58302,-0.44048,-0.25391,-0.023906,0.23572,0.50060,0.74596,0.96027,1.1429,1.2971,1.4273,1.5364,1.6268,1.7004,1.7587,1.8034,1.8359,1.8575,1.8693,1.8725,1.8678,1.8566,1.8401,1.8196,1.7968,1.7728,1.7486,1.7249,1.7017,1.6787,1.6557,1.6318,1.6063,1.5784,1.5471,1.5113,1.4695,1.4201,1.3608,1.2889,1.2008,1.0923,0.95874,0.79742,0.61024,0.40790,0.21075,0.042749,-0.069711,-0.062621,0.62457,2.0952,2.2745,2.3011,2.3019,2.2979,2.2965,2.3006,2.3118,2.3311,2.3604,2.4007,2.4538,2.5211,2.6032,2.6995,2.8067,2.9180,3.0234,3.1108,-3.1179,-3.1158,3.0737,2.7742,2.0963,1.4535,1.1478,0.99312,0.89436,0.81402,0.73776,0.65355,0.54858,0.40103,0.16793,-0.21744,-0.72887,-1.1398,-1.3704,-1.4869,-1.5437,-1.5704,-1.5829,-1.5892,-1.5940,-1.5990,-1.6050,-1.6119,-1.6189,-1.6256,-1.6317,-1.6369,-1.6412,-1.6443,-1.6465,-1.6473,-1.6467,-1.6444,-1.6402,-1.6340,-1.6260,-1.6165,-1.6061,-1.5954,-1.5850,-1.5756,-1.5677,-1.5617,-1.5579,-1.5569,-1.5584,-1.5627,-1.5694,-1.5779,-1.5877,-1.5979,-1.6077,-1.6169,-1.6253,-1.6330,-1.6407,-1.6488,-1.6575,-1.6673,-1.6784,-1.6909,-1.7052,-1.7218,-1.7412,-1.7645,-1.7930,-1.8288,-1.8750,-1.9369,-2.0235,-2.1559,-2.4033,-3.1213,1.7707,1.2508,0.98652,0.78809,0.62106,0.48175,0.36992,0.28504,0.22488,0.18581,0.16400,0.15611,0.15968,0.17180,0.19154,0.21846,0.25275,0.29502,0.34737,0.41088,0.48848
0.61347,0.72218,0.84083,0.96326,1.0822,1.1907,1.2839,1.3596,1.4180,1.4602,1.4876,1.5014,1.5023,1.4898,1.4627,1.4175,1.3480,1.2426,1.0811,0.83215,0.47373,0.061632,-0.28212,-0.51283,-0.65532,-0.73916,-0.78217,-0.79416,-0.77898,-0.73740,-0.66727,-0.56377,-0.42034,-0.23017,0.0082133,0.28177,0.56226,0.82042,1.0419,1.2256,1.3771,1.5018,1.6042,1.6875,1.7540,1.8058,1.8446,1.8717,1.8882,1.8952,1.8933,1.8837,1.8675,1.8460,1.8208,1.7936,1.7658,1.7384,1.7119,1.6865,1.6619,1.6374,1.6125,1.5862,1.5578,1.5263,1.4906,1.4493,1.4010,1.3439,1.2755,1.1932,1.0937,0.97411,0.83205,0.66874,0.49147,0.31616,0.17025,0.10915,0.55736,2.2669,2.4315,2.4303,2.4059,2.3812,2.3612,2.3485,2.3433,2.3468,2.3596,2.3831,2.4185,2.4677,2.5324,2.6142,2.7140,2.8297,2.9561,3.0837,-3.0838,-2.9935,-2.9483,-2.9984,2.8816,1.4547,0.98984,0.87016,0.81457,0.77554,0.73892,0.69841,0.64730,0.57753,0.47198,0.29361,-0.026798,-0.52515,-0.98662,-1.2539,-1.3864,-1.4527,-1.4864,-1.5060,-1.5197,-1.5318,-1.5442,-1.5565,-1.5686,-1.5801,-1.5903,-1.5989,-1.6060,-1.6116,-1.6157,-1.6183,-1.6194,-1.6185,-1.6159,-1.6109,-1.6042,-1.5954,-1.5855,-1.5749,-1.5643,-1.5543,-1.5457,-1.5387,-1.5341,-1.5320,-1.5330,-1.5369,-1.5439,-1.5537,-1.5659,-1.5797,-1.5942,-1.6084,-1.6217,-1.6338,-1.6449,-1.6552,-1.6651,-1.6751,-1.6854,-1.6965,-1.7084,-1.7215,-1.7365,-1.7536,-1.7738,-1.7982,-1.8277,-1.8642,-1.9093,-1.9656,-2.0363,-2.1305,-2.3497,0.94231,0.78274,0.65500,0.53663,0.43024,0.34003,0.26728,0.21317,0.17611,0.15431,0.14489,0.14604,0.15599,0.17308,0.19697,0.22755,0.26558,0.31175,0.36827,0.43654,0.51801
0.64665,0.75498,0.86996,0.98570,1.0958,1.1946,1.2787,1.3465,1.3981,1.4347,1.4572,1.4666,1.4630,1.4461,1.4139,1.3629,1.2867,1.1738,1.0054,0.75570,0.41352,0.034412,-0.28394,-0.50418,-0.64381,-0.72746,-0.77072,-0.78299,-0.76816,-0.72687,-0.65694,-0.55280,-0.40652,-0.20856,0.044820,0.33934,0.63973,0.90919,1.1323,1.3114,1.4552,1.5709,1.6642,1.7391,1.7982,1.8435,1.8766,1.8985,1.9102,1.9126,1.9063,1.8923,1.8714,1.8453,1.8159,1.7849,1.7537,1.7236,1.6951,1.6682,1.6423,1.6171,1.5915,1.5650,1.5367,1.5055,1.4705,1.4306,1.3845,1.3306,1.2673,1.1927,1.1051,1.0029,0.88540,0.75528,0.62119,0.50360,0.46441,0.83917,2.2524,2.5292,2.5395,2.5073,2.4692,2.4348,2.4072,2.3875,2.3762,2.3738,2.3813,2.3997,2.4306,2.4761,2.5385,2.6210,2.7259,2.8542,3.0027,-3.1195,-2.9579,-2.8058,-2.6658,-2.5175,-1.7099,0.50065,0.61185,0.65813,0.68187,0.69136,0.68990,0.67800,0.65273,0.60952,0.53422,0.39697,0.13851,-0.29381,-0.76268,-1.0710,-1.2333,-1.3198,-1.3696,-1.4029,-1.4292,-1.4527,-1.4746,-1.4958,-1.5151,-1.5321,-1.5470,-1.5591,-1.5690,-1.5766,-1.5822,-1.5859,-1.5874,-1.5869,-1.5840,-1.5788,-1.5715,-1.5625,-1.5524,-1.5418,-1.5317,-1.5225,-1.5148,-1.5092,-1.5060,-1.5057,-1.5086,-1.5148,-1.5245,-1.5375,-1.5533,-1.5710,-1.5894,-1.6076,-1.6245,-1.6397,-1.6532,-1.6651,-1.6760,-1.6862,-1.6959,-1.7059,-1.7163,-1.7274,-1.7395,-1.7533,-1.7691,-1.7874,-1.8082,-1.8315,-1.8545,-1.8711,-1.8617,-1.7428,-0.91966,0.23348,0.39778,0.39057,0.34303,0.28645,0.23420,0.19124,0.16003,0.14039,0.13130,0.13160,0.13994,0.15510,0.17649,0.20408,0.23823,0.28009,0.33058,0.39154,0.46386,0.54907
0.68090,0.78788,0.89854,1.0073,1.1086,1.1983,1.2737,1.3338,1.3790,1.4102,1.4283,1.4337,1.4267,1.4062,1.3704,1.3156,1.2352,1.1180,0.94672,0.69875,0.36912,0.0099101,-0.29340,-0.50690,-0.64421,-0.72693,-0.77026,-0.78246,-0.76764,-0.72656,-0.65641,-0.55069,-0.39897,-0.18849,0.087915,0.41161,0.73412,1.0105,1.2285,1.3972,1.5289,1.6331,1.7161,1.7818,1.8332,1.8721,1.8996,1.9167,1.9242,1.9224,1.9119,1.8937,1.8686,1.8385,1.8052,1.7709,1.7372,1.7051,1.6752,1.6473,1.6208,1.5953,1.5698,1.5436,1.5158,1.4856,1.4522,1.4143,1.3711,1.3217,1.2649,1.2001,1.1265,1.0450,0.95802,0.87269,0.80755,0.81715,1.1010,2.0182,2.5033,2.5928,2.5834,2.5481,2.5079,2.4710,2.4397,2.4160,2.4002,2.3933,2.3961,2.4099,2.4366,2.4783,2.5388,2.6223,2.7348,2.8810,3.0630,-3.0056,-2.7693,-2.5132,-2.2020,-1.6740,-0.62936,0.085629,0.36934,0.50687,0.58567,0.63228,0.65833,0.66843,0.66302,0.63721,0.57967,0.46706,0.25507,-0.096010,-0.51469,-0.83807,-1.0332,-1.1477,-1.2209,-1.2737,-1.3168,-1.3548,-1.3895,-1.4213,-1.4495,-1.4739,-1.4945,-1.5114,-1.5249,-1.5354,-1.5432,-1.5483,-1.5510,-1.5510,-1.5483,-1.5432,-1.5358,-1.5269,-1.5170,-1.5070,-1.4977,-1.4895,-1.4831,-1.4790,-1.4773,-1.4788,-1.4836,-1.4922,-1.5045,-1.5205,-1.5397,-1.5609,-1.5830,-1.6045,-1.6244,-1.6417,-1.6566,-1.6693,-1.6800,-1.6895,-1.6979,-1.7059,-1.7138,-1.7219,-1.7305,-1.7399,-1.7499,-1.7605,-1.7701,-1.7759,-1.7713,-1.7396,-1.6355,-1.3209,-0.58896,-0.021667,0.16605,0.21098,0.20501,0.18239,0.15679,0.13531,0.12070,0.11420,0.11495,0.12283,0.13684,0.15669,0.18179,0.21288,0.25072,0.29644,0.35125,0.41669,0.49321,0.58170
0.71565,0.82094,0.92677,1.0284,1.1210,1.2019,1.2691,1.3222,1.3615,1.3880,1.4022,1.4045,1.3947,1.3719,1.3338,1.2770,1.1946,1.0759,0.90406,0.65832,0.33517,-0.014895,-0.31123,-0.52107,-0.65649,-0.73792,-0.78044,-0.79227,-0.77780,-0.73680,-0.66614,-0.55791,-0.39867,-0.16960,0.14016,0.50251,0.84655,1.1218,1.3270,1.4801,1.5968,1.6878,1.7597,1.8162,1.8600,1.8925,1.9147,1.9272,1.9305,1.9248,1.9106,1.8883,1.8594,1.8257,1.7893,1.7525,1.7169,1.6835,1.6528,1.6246,1.5981,1.5728,1.5479,1.5225,1.4958,1.4672,1.4358,1.4009,1.3616,1.3177,1.2689,1.2152,1.1580,1.1002,1.0489,1.0190,1.0483,1.2395,1.7709,2.3358,2.5595,2.6111,2.6007,2.5688,2.5307,2.4940,2.4617,2.4353,2.4165,2.4056,2.4041,2.4131,2.4350,2.4729,2.5311,2.6162,2.7385,2.9113,-3.1344,-2.8292,-2.4708,-2.0808,-1.6446,-1.1122,-0.53124,-0.071007,0.22189,0.40170,0.51646,0.59054,0.63727,0.66367,0.67031,0.65294,0.60320,0.50176,0.31927,0.034303,-0.30622,-0.60470,-0.81335,-0.95193,-1.0485,-1.1224,-1.1840,-1.2387,-1.2880,-1.3323,-1.3712,-1.4044,-1.4322,-1.4548,-1.4729,-1.4871,-1.4978,-1.5051,-1.5093,-1.5103,-1.5084,-1.5037,-1.4969,-1.4885,-1.4795,-1.4706,-1.4624,-1.4556,-1.4507,-1.4480,-1.4481,-1.4512,-1.4580,-1.4686,-1.4833,-1.5021,-1.5243,-1.5487,-1.5738,-1.5980,-1.6198,-1.6384,-1.6539,-1.6662,-1.6760,-1.6838,-1.6904,-1.6956,-1.7005,-1.7050,-1.7092,-1.7132,-1.7162,-1.7170,-1.7128,-1.6978,-1.6600,-1.5741,-1.3822,-0.99250,-0.47414,-0.12358,0.033677,0.093637,0.10976,0.10766,0.10047,0.094242,0.091998,0.095159,0.10382,0.11777,0.13655,0.16026,0.18888,0.22349,0.26495,0.31481,0.37401,0.44388,0.52453,0.61593
0.75127,0.85393,0.95451,1.0489,1.1336,1.2063,1.2659,1.3127,1.3468,1.3692,1.3802,1.3801,1.3685,1.3444,1.3056,1.2482,1.1658,1.0475,0.87626,0.63120,0.30810,-0.042301,-0.33817,-0.54665,-0.68017,-0.76002,-0.80135,-0.81283,-0.79844,-0.75803,-0.68734,-0.57629,-0.40664,-0.15135,0.20653,0.61726,0.97687,1.2399,1.4247,1.5579,1.6579,1.7351,1.7957,1.8430,1.8793,1.9057,1.9227,1.9308,1.9301,1.9206,1.9026,1.8767,1.8443,1.8075,1.7687,1.7301,1.6934,1.6596,1.6289,1.6009,1.5750,1.5505,1.5266,1.5025,1.4775,1.4511,1.4223,1.3909,1.3566,1.3191,1.2792,1.2381,1.1988,1.1671,1.1542,1.1850,1.3107,1.6221,2.0904,2.4279,2.5713,2.6107,2.6036,2.5764,2.5420,2.5068,2.4744,2.4466,2.4249,2.4102,2.4043,2.4084,2.4248,2.4574,2.5118,2.5979,2.7333,2.9481,-2.9967,-2.5253,-2.0222,-1.5951,-1.2235,-0.85634,-0.48282,-0.14025,0.13225,0.32869,0.46568,0.55862,0.62037,0.65665,0.66793,0.65342,0.60316,0.50500,0.34043,0.10735,-0.16337,-0.41433,-0.61076,-0.75693,-0.86825,-0.95844,-1.0367,-1.1069,-1.1712,-1.2289,-1.2797,-1.3230,-1.3593,-1.3887,-1.4126,-1.4314,-1.4456,-1.4557,-1.4620,-1.4645,-1.4639,-1.4602,-1.4546,-1.4474,-1.4398,-1.4324,-1.4259,-1.4208,-1.4174,-1.4164,-1.4180,-1.4228,-1.4312,-1.4437,-1.4606,-1.4816,-1.5064,-1.5333,-1.5608,-1.5867,-1.6097,-1.6286,-1.6438,-1.6550,-1.6631,-1.6688,-1.6725,-1.6749,-1.6761,-1.6764,-1.6757,-1.6733,-1.6682,-1.6576,-1.6370,-1.5983,-1.5247,-1.3871,-1.1421,-0.77767,-0.41417,-0.17270,-0.045085,0.016339,0.043171,0.054060,0.059150,0.063828,0.070932,0.081742,0.096612,0.11554,0.13832,0.16564,0.19776,0.23601,0.28122,0.33525,0.39905,0.47346,0.55786,0.65112
0.78773,0.88706,0.98225,1.0697,1.1467,1.2118,1.2649,1.3060,1.3356,1.3546,1.3632,1.3616,1.3491,1.3247,1.2863,1.2299,1.1489,1.0325,0.86238,0.61556,0.28502,-0.074877,-0.37566,-0.58369,-0.71510,-0.79282,-0.83275,-0.84397,-0.83025,-0.79079,-0.72092,-0.60736,-0.42511,-0.13278,0.29492,0.76214,1.1229,1.3603,1.5183,1.6295,1.7121,1.7755,1.8250,1.8634,1.8924,1.9127,1.9245,1.9282,1.9234,1.9102,1.8886,1.8594,1.8241,1.7849,1.7443,1.7047,1.6677,1.6342,1.6041,1.5770,1.5523,1.5291,1.5066,1.4843,1.4615,1.4376,1.4121,1.3849,1.3560,1.3258,1.2957,1.2680,1.2473,1.2421,1.2676,1.3528,1.5451,1.8724,2.2257,2.4575,2.5654,2.6001,2.5966,2.5745,2.5439,2.5108,2.4786,2.4496,2.4251,2.4067,2.3957,2.3937,2.4031,2.4281,2.4757,2.5594,2.7091,2.9988,-2.7182,-1.9944,-1.5109,-1.2088,-0.96167,-0.71217,-0.44371,-0.16916,0.078935,0.27851,0.42696,0.53185,0.60177,0.64184,0.65408,0.63676,0.58244,0.48441,0.33461,0.14064,-0.074257,-0.27716,-0.44720,-0.58491,-0.69783,-0.79486,-0.88334,-0.96582,-1.0426,-1.1134,-1.1761,-1.2302,-1.2758,-1.3133,-1.3435,-1.3676,-1.3861,-1.3996,-1.4085,-1.4133,-1.4145,-1.4127,-1.4088,-1.4036,-1.3979,-1.3925,-1.3880,-1.3848,-1.3833,-1.3840,-1.3871,-1.3933,-1.4031,-1.4171,-1.4356,-1.4585,-1.4851,-1.5137,-1.5426,-1.5694,-1.5926,-1.6111,-1.6249,-1.6343,-1.6404,-1.6434,-1.6442,-1.6431,-1.6406,-1.6362,-1.6301,-1.6207,-1.6060,-1.5826,-1.5442,-1.4800,-1.3734,-1.1997,-0.94350,-0.64078,-0.37795,-0.19949,-0.094541,-0.036095,-0.0038121,0.015112,0.028665,0.041461,0.055751,0.072736,0.092718,0.11579,0.14232,0.17308,0.20860,0.25038,0.29978,0.35826,0.42661,0.50524,0.59317,0.68829
0.82498,0.92068,1.0103,1.0909,1.1609,1.2194,1.2665,1.3028,1.3288,1.3452,1.3521,1.3496,1.3372,1.3134,1.2764,1.2221,1.1440,1.0302,0.86114,0.60947,0.26389,-0.11494,-0.42485,-0.63262,-0.76090,-0.83585,-0.87453,-0.88564,-0.87328,-0.83668,-0.76896,-0.65451,-0.45802,-0.11244,0.42005,0.94196,1.2789,1.4787,1.6061,1.6945,1.7598,1.8098,1.8486,1.8783,1.9001,1.9142,1.9209,1.9200,1.9112,1.8942,1.8693,1.8371,1.7993,1.7583,1.7169,1.6772,1.6408,1.6082,1.5795,1.5539,1.5307,1.5092,1.4887,1.4686,1.4482,1.4274,1.4056,1.3830,1.3600,1.3376,1.3176,1.3039,1.3017,1.3218,1.3810,1.5056,1.7237,2.0158,2.2851,2.4605,2.5494,2.5821,2.5825,2.5648,2.5377,2.5065,2.4746,2.4441,2.4166,2.3934,2.3762,2.3661,2.3657,2.3785,2.4120,2.4821,2.6393,3.0995,-1.9878,-1.3523,-1.1084,-0.94501,-0.78810,-0.61055,-0.40356,-0.17556,0.049200,0.24308,0.39538,0.50510,0.57770,0.61803,0.62676,0.60361,0.54505,0.44831,0.31360,0.15075,-0.021324,-0.18357,-0.32450,-0.44452,-0.54898,-0.64408,-0.73476,-0.82317,-0.90880,-0.98959,-1.0634,-1.1278,-1.1830,-1.2288,-1.2662,-1.2960,-1.3196,-1.3369,-1.3492,-1.3567,-1.3606,-1.3614,-1.3599,-1.3573,-1.3541,-1.3511,-1.3489,-1.3477,-1.3481,-1.3504,-1.3549,-1.3624,-1.3732,-1.3884,-1.4079,-1.4317,-1.4594,-1.4888,-1.5181,-1.5447,-1.5671,-1.5843,-1.5964,-1.6037,-1.6071,-1.6074,-1.6051,-1.6007,-1.5942,-1.5852,-1.5730,-1.5560,-1.5312,-1.4940,-1.4376,-1.3505,-1.2183,-1.0294,-0.79308,-0.55096,-0.35320,-0.21514,-0.12728,-0.072691,-0.037950,-0.013608,0.0062125,0.025220,0.045248,0.067142,0.091421,0.11838,0.14836,0.18251,0.22151,0.26725,0.32088,0.38387,0.45688,0.53974,0.63056,0.72677
0.86325,0.95499,1.0390,1.1133,1.1767,1.2294,1.2716,1.3038,1.3270,1.3414,1.3474,1.3448,1.3330,1.3107,1.2760,1.2249,1.1504,1.0402,0.87192,0.61205,0.24218,-0.16537,-0.48681,-0.69331,-0.81725,-0.88873,-0.92596,-0.93781,-0.92853,-0.89614,-0.83426,-0.72300,-0.51288,-0.086912,0.60777,1.1562,1.4383,1.5916,1.6871,1.7531,1.8017,1.8389,1.8673,1.8886,1.9032,1.9113,1.9128,1.9073,1.8944,1.8737,1.8455,1.8106,1.7710,1.7289,1.6875,1.6485,1.6135,1.5826,1.5557,1.5321,1.5109,1.4915,1.4733,1.4556,1.4381,1.4206,1.4028,1.3853,1.3685,1.3541,1.3446,1.3442,1.3594,1.4014,1.4857,1.6321,1.8470,2.0946,2.3074,2.4489,2.5259,2.5579,2.5614,2.5476,2.5236,2.4939,2.4620,2.4293,2.3978,2.3684,2.3427,2.3213,2.3055,2.2971,2.2986,2.3201,2.4018,-2.1157,-1.0097,-0.91010,-0.83934,-0.75974,-0.65824,-0.52554,-0.35966,-0.16578,0.035878,0.21892,0.36731,0.47604,0.54656,0.58305,0.58695,0.55884,0.49774,0.40504,0.28472,0.14849,0.0097769,-0.11997,-0.23438,-0.33509,-0.42636,-0.51300,-0.59947,-0.68749,-0.77648,-0.86375,-0.94537,-1.0190,-1.0828,-1.1368,-1.1815,-1.2175,-1.2461,-1.2679,-1.2842,-1.2953,-1.3024,-1.3064,-1.3082,-1.3086,-1.3085,-1.3082,-1.3085,-1.3096,-1.3118,-1.3155,-1.3212,-1.3297,-1.3412,-1.3568,-1.3766,-1.4006,-1.4282,-1.4574,-1.4859,-1.5114,-1.5323,-1.5475,-1.5574,-1.5624,-1.5634,-1.5610,-1.5558,-1.5481,-1.5377,-1.5241,-1.5058,-1.4807,-1.4458,-1.3953,-1.3222,-1.2174,-1.0723,-0.88754,-0.68234,-0.48995,-0.33609,-0.22508,-0.14984,-0.099005,-0.062934,-0.034798,-0.010263,0.013568,0.038277,0.064535,0.092645,0.12309,0.15645,0.19403,0.23683,0.28656,0.34484,0.41254,0.49014,0.57691,0.67018,0.76700
0.90270,0.99022,1.0688,1.1371,1.1950,1.2425,1.2805,1.3096,1.3306,1.3437,1.3493,1.3472,1.3366,1.3165,1.2847,1.2374,1.1674,1.0615,0.89407,0.62276,0.21741,-0.22903,-0.56250,-0.76511,-0.88280,-0.95042,-0.98662,-1.0006,-0.99595,-0.97179,-0.92049,-0.82053,-0.60514,-0.048041,0.89984,1.3921,1.5927,1.6965,1.7609,1.8057,1.8386,1.8635,1.8821,1.8950,1.9027,1.9047,1.9009,1.8908,1.8736,1.8493,1.8180,1.7809,1.7399,1.6978,1.6571,1.6198,1.5867,1.5582,1.5336,1.5123,1.4935,1.4765,1.4607,1.4458,1.4315,1.4175,1.4040,1.3916,1.3812,1.3747,1.3751,1.3869,1.4173,1.4765,1.5768,1.7290,1.9269,2.1349,2.3085,2.4274,2.4960,2.5276,2.5336,2.5228,2.5010,2.4724,2.4390,2.4030,2.3659,2.3282,2.2903,2.2516,2.2107,2.1629,2.0934,1.9453,1.2543,-0.31781,-0.59190,-0.65311,-0.65391,-0.61777,-0.55019,-0.44781,-0.31096,-0.14495,0.033851,0.20114,0.34017,0.44193,0.50777,0.53877,0.53787,0.50629,0.44566,0.35934,0.25425,0.14015,0.027562,-0.076233,-0.16864,-0.25138,-0.32812,-0.40348,-0.48190,-0.56521,-0.65257,-0.74166,-0.82796,-0.90765,-0.97878,-1.0398,-1.0911,-1.1331,-1.1673,-1.1941,-1.2145,-1.2298,-1.2408,-1.2486,-1.2541,-1.2580,-1.2611,-1.2640,-1.2668,-1.2701,-1.2741,-1.2793,-1.2859,-1.2948,-1.3066,-1.3218,-1.3410,-1.3644,-1.3907,-1.4183,-1.4451,-1.4686,-1.4872,-1.5002,-1.5079,-1.5107,-1.5095,-1.5048,-1.4971,-1.4866,-1.4726,-1.4543,-1.4304,-1.3976,-1.3528,-1.2907,-1.2052,-1.0903,-0.94405,-0.77498,-0.60177,-0.44700,-0.32370,-0.23195,-0.16616,-0.11815,-0.081398,-0.050378,-0.022107,0.0058600,0.034410,0.064470,0.096148,0.13001,0.16674,0.20791,0.25456,0.30871,0.37175,0.44454,0.52691,0.61700,0.71238,0.80894
0.94382,1.0269,1.1003,1.1633,1.2161,1.2594,1.2939,1.3205,1.3399,1.3523,1.3580,1.3567,1.3477,1.3302,1.3019,1.2589,1.1942,1.0935,0.92738,0.64124,0.18680,-0.30959,-0.65195,-0.84673,-0.95691,-1.0205,-1.0565,-1.0741,-1.0768,-1.0647,-1.0320,-0.95934,-0.76899,0.039297,1.3182,1.6274,1.7360,1.7924,1.8280,1.8529,1.8713,1.8847,1.8937,1.8987,1.8994,1.8954,1.8861,1.8711,1.8497,1.8218,1.7878,1.7488,1.7074,1.6660,1.6268,1.5918,1.5615,1.5356,1.5137,1.4950,1.4788,1.4644,1.4514,1.4394,1.4283,1.4180,1.4089,1.4016,1.3975,1.3984,1.4079,1.4306,1.4728,1.5435,1.6511,1.7991,1.9753,2.1503,2.2954,2.3977,2.4601,2.4908,2.4985,2.4898,2.4691,2.4398,2.4040,2.3628,2.3172,2.2672,2.2109,2.1457,2.0627,1.9422,1.7243,1.2245,0.33652,-0.19628,-0.40303,-0.48761,-0.51359,-0.50010,-0.45309,-0.37186,-0.25809,-0.11605,0.039062,0.18741,0.31202,0.40418,0.46270,0.48844,0.48369,0.45079,0.39273,0.31467,0.22381,0.12902,0.037199,-0.046163,-0.12038,-0.18702,-0.25043,-0.31445,-0.38332,-0.45917,-0.54182,-0.62888,-0.71595,-0.79889,-0.87447,-0.94090,-0.99780,-1.0453,-1.0846,-1.1163,-1.1414,-1.1611,-1.1765,-1.1886,-1.1979,-1.2058,-1.2125,-1.2183,-1.2238,-1.2293,-1.2349,-1.2412,-1.2485,-1.2575,-1.2687,-1.2830,-1.3009,-1.3220,-1.3461,-1.3710,-1.3952,-1.4160,-1.4320,-1.4427,-1.4485,-1.4495,-1.4466,-1.4404,-1.4308,-1.4176,-1.4008,-1.3784,-1.3489,-1.3094,-1.2567,-1.1858,-1.0928,-0.97593,-0.83704,-0.68776,-0.54306,-0.41655,-0.31494,-0.23701,-0.17814,-0.13256,-0.095180,-0.061953,-0.030477,0.0010069,0.033218,0.066902,0.10188,0.13927,0.17954,0.22448,0.27546,0.33443,0.40232,0.48034,0.56684,0.66074,0.75720,0.85286
0.98701,1.0656,1.1341,1.1923,1.2408,1.2805,1.3123,1.3370,1.3552,1.3673,1.3733,1.3730,1.3660,1.3511,1.3265,1.2884,1.2296,1.1348,0.97152,0.66757,0.14658,-0.41013,-0.75463,-0.93690,-1.0380,-1.0979,-1.1350,-1.1581,-1.1715,-1.1769,-1.1734,-1.1542,-1.0812,0.64925,1.7717,1.8399,1.8648,1.8791,1.8887,1.8957,1.9005,1.9029,1.9030,1.9002,1.8940,1.8839,1.8692,1.8493,1.8237,1.7924,1.7559,1.7159,1.6745,1.6344,1.5977,1.5655,1.5382,1.5155,1.4966,1.4807,1.4672,1.4556,1.4454,1.4365,1.4286,1.4220,1.4171,1.4147,1.4163,1.4242,1.4415,1.4726,1.5234,1.6004,1.7085,1.8460,2.0000,2.1484,2.2712,2.3605,2.4170,2.4466,2.4547,2.4466,2.4254,2.3940,2.3532,2.3040,2.2455,2.1767,2.0929,1.9859,1.8363,1.6024,1.2080,0.64230,0.15178,-0.13477,-0.28711,-0.36594,-0.39861,-0.39625,-0.36242,-0.29744,-0.20278,-0.083409,0.048111,0.17502,0.28326,0.36426,0.41474,0.43529,0.42793,0.39550,0.34195,0.27301,0.19551,0.11647,0.041897,-0.025010,-0.084148,-0.13779,-0.18925,-0.24289,-0.30232,-0.37014,-0.44630,-0.52866,-0.61358,-0.69638,-0.77391,-0.84357,-0.90424,-0.95657,-1.0002,-1.0364,-1.0663,-1.0906,-1.1105,-1.1270,-1.1406,-1.1524,-1.1625,-1.1716,-1.1796,-1.1871,-1.1943,-1.2014,-1.2090,-1.2176,-1.2276,-1.2401,-1.2555,-1.2737,-1.2942,-1.3157,-1.3362,-1.3538,-1.3674,-1.3762,-1.3804,-1.3805,-1.3767,-1.3694,-1.3588,-1.3440,-1.3245,-1.2988,-1.2649,-1.2200,-1.1613,-1.0856,-0.99055,-0.87718,-0.75076,-0.62111,-0.49960,-0.39437,-0.30881,-0.24094,-0.18730,-0.14343,-0.10534,-0.070167,-0.035800,-0.0010544,0.034533,0.071511,0.11003,0.15082,0.19498,0.24419,0.29979,0.36384,0.43728,0.52028,0.61113,0.70753,0.80489,0.89924
1.0326,1.1069,1.1708,1.2247,1.2694,1.3061,1.3356,1.3589,1.3763,1.3882,1.3947,1.3956,1.3906,1.3785,1.3577,1.3246,1.2722,1.1848,1.0260,0.70345,0.091045,-0.53391,-0.86881,-1.0341,-1.1254,-1.1823,-1.2219,-1.2526,-1.2802,-1.3090,-1.3468,-1.4149,-1.6332,2.7431,2.1204,2.0185,1.9784,1.9572,1.9441,1.9347,1.9268,1.9191,1.9106,1.9001,1.8872,1.8711,1.8509,1.8262,1.7965,1.7620,1.7235,1.6828,1.6423,1.6042,1.5704,1.5416,1.5177,1.4982,1.4824,1.4694,1.4588,1.4500,1.4426,1.4366,1.4320,1.4290,1.4281,1.4303,1.4371,1.4507,1.4742,1.5117,1.5675,1.6461,1.7497,1.8738,2.0071,2.1328,2.2379,2.3156,2.3663,2.3933,2.4005,2.3911,2.3674,2.3309,2.2818,2.2193,2.1417,2.0446,1.9201,1.7535,1.5190,1.1888,0.77724,0.38588,0.099277,-0.086444,-0.20098,-0.26798,-0.29980,-0.30205,-0.27725,-0.22523,-0.14828,-0.050300,0.058234,0.16383,0.25510,0.32364,0.36615,0.38261,0.37419,0.34370,0.29544,0.23551,0.16960,0.10406,0.043524,-0.010072,-0.056888,-0.099595,-0.14129,-0.18569,-0.23695,-0.29700,-0.36603,-0.44248,-0.52304,-0.60355,-0.68020,-0.75094,-0.81384,-0.86900,-0.91636,-0.95673,-0.99080,-1.0197,-1.0440,-1.0647,-1.0826,-1.0982,-1.1117,-1.1237,-1.1342,-1.1436,-1.1521,-1.1598,-1.1672,-1.1748,-1.1833,-1.1932,-1.2049,-1.2193,-1.2356,-1.2525,-1.2694,-1.2838,-1.2951,-1.3027,-1.3062,-1.3059,-1.3023,-1.2948,-1.2836,-1.2677,-1.2466,-1.2183,-1.1811,-1.1328,-1.0707,-0.99350,-0.90067,-0.79507,-0.68226,-0.57049,-0.46761,-0.37853,-0.30463,-0.24425,-0.19441,-0.15161,-0.11286,-0.075747,-0.038597,-0.00069866,0.038216,0.078632,0.12075,0.16537,0.21360,0.26745,0.32820,0.39773,0.47683,0.56487,0.65995,0.75851,0.85609,0.94834
1.0814,1.1514,1.2110,1.2610,1.3025,1.3366,1.3642,1.3862,1.4029,1.4148,1.4218,1.4238,1.4205,1.4111,1.3941,1.3662,1.3207,1.2422,1.0912,0.75105,0.011846,-0.68275,-0.99229,-1.1364,-1.2182,-1.2732,-1.3169,-1.3577,-1.4022,-1.4597,-1.5481,-1.7232,-2.2207,2.9022,2.3481,2.1637,2.0774,2.0277,1.9949,1.9709,1.9513,1.9339,1.9169,1.8991,1.8795,1.8574,1.8319,1.8024,1.7688,1.7314,1.6914,1.6507,1.6116,1.5761,1.5456,1.5203,1.5000,1.4840,1.4713,1.4612,1.4534,1.4474,1.4429,1.4398,1.4382,1.4385,1.4412,1.4474,1.4586,1.4768,1.5049,1.5460,1.6036,1.6803,1.7758,1.8856,1.9996,2.1061,2.1949,2.2618,2.3060,2.3288,2.3328,2.3195,2.2898,2.2443,2.1812,2.0987,1.9927,1.8562,1.6794,1.4501,1.1631,0.83835,0.52710,0.27383,0.087411,-0.042636,-0.12964,-0.18397,-0.21155,-0.21572,-0.19761,-0.15729,-0.096587,-0.019125,0.067683,0.15290,0.22740,0.28440,0.31983,0.33271,0.32350,0.29591,0.25330,0.20143,0.14604,0.091767,0.042955,0.00023801,-0.036645,-0.070203,-0.10369,-0.14059,-0.18470,-0.23776,-0.30001,-0.37031,-0.44519,-0.52150,-0.59563,-0.66519,-0.72858,-0.78538,-0.83517,-0.87881,-0.91669,-0.94943,-0.97775,-1.0029,-1.0246,-1.0436,-1.0606,-1.0752,-1.0879,-1.0989,-1.1083,-1.1162,-1.1232,-1.1293,-1.1354,-1.1422,-1.1500,-1.1595,-1.1710,-1.1836,-1.1964,-1.2083,-1.2182,-1.2249,-1.2288,-1.2290,-1.2260,-1.2190,-1.2080,-1.1918,-1.1695,-1.1398,-1.1006,-1.0503,-0.98784,-0.91204,-0.82446,-0.72813,-0.62846,-0.53199,-0.44383,-0.36703,-0.30201,-0.24707,-0.20007,-0.15793,-0.11811,-0.078908,-0.039172,0.0018326,0.044154,0.088239,0.13421,0.18292,0.23587,0.29492,0.36118,0.43674,0.52151,0.61481,0.71358,0.81394,0.91077,1.0008
1.1335,1.1994,1.2550,1.3015,1.3402,1.3720,1.3980,1.4187,1.4349,1.4465,1.4538,1.4566,1.4549,1.4479,1.4345,1.4118,1.3736,1.3058,1.1679,0.81689,-0.10766,-0.85577,-1.1230,-1.2437,-1.3163,-1.3705,-1.4198,-1.4722,-1.5359,-1.6241,-1.7639,-2.0257,-2.5726,2.9531,2.4966,2.2808,2.1638,2.0916,2.0419,2.0045,1.9742,1.9475,1.9225,1.8976,1.8716,1.8434,1.8126,1.7786,1.7413,1.7015,1.6605,1.6203,1.5831,1.5506,1.5236,1.5021,1.4854,1.4727,1.4631,1.4561,1.4510,1.4476,1.4457,1.4454,1.4465,1.4498,1.4556,1.4651,1.4797,1.5012,1.5319,1.5744,1.6311,1.7029,1.7886,1.8836,1.9799,2.0685,2.1426,2.1982,2.2339,2.2502,2.2477,2.2266,2.1864,2.1256,2.0414,1.9299,1.7858,1.6046,1.3832,1.1282,0.86076,0.60821,0.39330,0.22275,0.093592,-0.00074989,-0.066710,-0.10935,-0.13232,-0.13729,-0.12497,-0.095455,-0.050250,0.0085204,0.075244,0.14216,0.20204,0.24830,0.27716,0.28699,0.27801,0.25285,0.21545,0.17107,0.12453,0.080005,0.040625,0.0069184,-0.021671,-0.047615,-0.074602,-0.10544,-0.14353,-0.19061,-0.24667,-0.31064,-0.37982,-0.45092,-0.52118,-0.58823,-0.65048,-0.70745,-0.75862,-0.80431,-0.84499,-0.88122,-0.91312,-0.94170,-0.96702,-0.98940,-1.0089,-1.0263,-1.0409,-1.0531,-1.0632,-1.0710,-1.0770,-1.0815,-1.0849,-1.0877,-1.0914,-1.0961,-1.1026,-1.1112,-1.1208,-1.1305,-1.1396,-1.1467,-1.1513,-1.1528,-1.1510,-1.1450,-1.1345,-1.1185,-1.0959,-1.0652,-1.0256,-0.97533,-0.91392,-0.84216,-0.76101,-0.67446,-0.58682,-0.50292,-0.42642,-0.35902,-0.30057,-0.24978,-0.20465,-0.16246,-0.12154,-0.080156,-0.037642,0.0066403,0.052639,0.10058,0.15078,0.20428,0.26233,0.32713,0.39989,0.48158,0.57257,0.67076,0.77261,0.87399,0.96960,1.0568
1.1897,1.2514,1.3033,1.3466,1.3826,1.4122,1.4365,1.4561,1.4713,1.4825,1.4898,1.4932,1.4927,1.4879,1.4777,1.4602,1.4301,1.3750,1.2577,0.91207,-0.30051,-1.0503,-1.2592,-1.3557,-1.4197,-1.4743,-1.5299,-1.5947,-1.6776,-1.7940,-1.9738,-2.2743,-2.7576,2.9811,2.5992,2.3757,2.2397,2.1497,2.0855,2.0363,1.9958,1.9604,1.9277,1.8958,1.8634,1.8296,1.7936,1.7552,1.7146,1.6728,1.6311,1.5920,1.5571,1.5279,1.5046,1.4867,1.4736,1.4642,1.4577,1.4534,1.4510,1.4502,1.4507,1.4528,1.4564,1.4621,1.4705,1.4824,1.4994,1.5227,1.5544,1.5963,1.6496,1.7146,1.7892,1.8693,1.9486,2.0204,2.0795,2.1227,2.1475,2.1537,2.1404,2.1061,2.0488,1.9651,1.8511,1.7039,1.5227,1.3119,1.0851,0.85881,0.65060,0.46986,0.32067,0.20157,0.10898,0.039820,-0.0097220,-0.042576,-0.061306,-0.067081,-0.060541,-0.041364,-0.010422,0.031631,0.080960,0.13201,0.17902,0.21599,0.23926,0.24614,0.23713,0.21468,0.18199,0.14409,0.10500,0.068520,0.037149,0.011057,-0.010747,-0.030847,-0.052480,-0.078429,-0.11173,-0.15365,-0.20429,-0.26236,-0.32556,-0.39127,-0.45679,-0.52036,-0.58034,-0.63607,-0.68768,-0.73454,-0.77708,-0.81561,-0.85047,-0.88203,-0.91032,-0.93549,-0.95750,-0.97680,-0.99310,-1.0064,-1.0167,-1.0242,-1.0291,-1.0313,-1.0318,-1.0311,-1.0303,-1.0306,-1.0330,-1.0379,-1.0454,-1.0539,-1.0629,-1.0707,-1.0768,-1.0798,-1.0793,-1.0748,-1.0650,-1.0495,-1.0271,-0.99676,-0.95727,-0.90867,-0.85022,-0.78320,-0.70937,-0.63190,-0.55467,-0.48117,-0.41383,-0.35341,-0.30019,-0.25229,-0.20820,-0.16562,-0.12316,-0.079380,-0.033882,0.013944,0.063797,0.11621,0.17107,0.22992,0.29376,0.36486,0.44427,0.53324,0.63026,0.73333,0.83776,0.93896,1.0330,1.1169
1.2499,1.3078,1.3560,1.3961,1.4294,1.4569,1.4794,1.4975,1.5117,1.5220,1.5289,1.5326,1.5329,1.5300,1.5231,1.5108,1.4895,1.4501,1.3634,1.0631,-0.63718,-1.2601,-1.4005,-1.4729,-1.5289,-1.5841,-1.6463,-1.7226,-1.8222,-1.9600,-2.1606,-2.4588,-2.8622,3.0009,2.6740,2.4539,2.3063,2.2031,2.1265,2.0663,2.0164,1.9728,1.9325,1.8938,1.8553,1.8158,1.7750,1.7325,1.6889,1.6454,1.6038,1.5661,1.5338,1.5079,1.4883,1.4742,1.4644,1.4581,1.4546,1.4530,1.4530,1.4545,1.4572,1.4613,1.4670,1.4747,1.4849,1.4985,1.5165,1.5404,1.5714,1.6108,1.6589,1.7154,1.7782,1.8435,1.9062,1.9613,2.0046,2.0328,2.0437,2.0353,2.0053,1.9511,1.8688,1.7552,1.6087,1.4321,1.2356,1.0333,0.84039,0.66644,0.51539,0.38746,0.28201,0.19682,0.13009,0.079286,0.042500,0.017249,0.0016520,-0.0056396,-0.0051696,0.0043170,0.022721,0.050377,0.085038,0.12285,0.15880,0.18773,0.20559,0.21027,0.20131,0.18092,0.15238,0.11984,0.087038,0.057392,0.032634,0.012707,-0.0036281,-0.018981,-0.036261,-0.058419,-0.087860,-0.12557,-0.17136,-0.22413,-0.28159,-0.34163,-0.40219,-0.46131,-0.51804,-0.57213,-0.62254,-0.66971,-0.71345,-0.75349,-0.79059,-0.82439,-0.85500,-0.88248,-0.90659,-0.92755,-0.94495,-0.95918,-0.96951,-0.97625,-0.97978,-0.97988,-0.97744,-0.97314,-0.96851,-0.96509,-0.96435,-0.96699,-0.97299,-0.98129,-0.99108,-1.0000,-1.0074,-1.0121,-1.0131,-1.0096,-1.0011,-0.98610,-0.96444,-0.93480,-0.89700,-0.85040,-0.79581,-0.73421,-0.66747,-0.59871,-0.53020,-0.46515,-0.40485,-0.35014,-0.30056,-0.25461,-0.21089,-0.16761,-0.12335,-0.076975,-0.028096,0.023659,0.077810,0.13509,0.19550,0.26030,0.33098,0.40931,0.49619,0.59223,0.69543,0.80254,0.90895,1.0098,1.1011,1.1812
1.3145,1.3682,1.4129,1.4498,1.4803,1.5055,1.5260,1.5424,1.5550,1.5643,1.5705,1.5740,1.5750,1.5737,1.5700,1.5634,1.5522,1.5321,1.4892,1.3217,-1.1981,-1.4779,-1.5464,-1.5951,-1.6437,-1.6993,-1.7671,-1.8524,-1.9636,-2.1128,-2.3167,-2.5911,-2.9264,3.0164,2.7317,2.5194,2.3656,2.2520,2.1647,2.0948,2.0361,1.9843,1.9369,1.8916,1.8471,1.8022,1.7565,1.7102,1.6640,1.6194,1.5782,1.5423,1.5129,1.4905,1.4744,1.4638,1.4574,1.4542,1.4532,1.4541,1.4564,1.4599,1.4646,1.4704,1.4776,1.4866,1.4979,1.5122,1.5304,1.5535,1.5823,1.6174,1.6590,1.7061,1.7563,1.8065,1.8525,1.8904,1.9161,1.9269,1.9195,1.8912,1.8382,1.7576,1.6461,1.5036,1.3363,1.1554,0.97663,0.81130,0.66476,0.53830,0.43040,0.33913,0.26358,0.20237,0.15426,0.11736,0.090273,0.070617,0.056406,0.046813,0.041509,0.042090,0.049672,0.065252,0.087998,0.11487,0.14172,0.16355,0.17677,0.17904,0.16998,0.15111,0.12584,0.097820,0.070325,0.046297,0.026938,0.012090,0.00024471,-0.011304,-0.025382,-0.044655,-0.070880,-0.10506,-0.14658,-0.19433,-0.24640,-0.30081,-0.35606,-0.41074,-0.46383,-0.51509,-0.56409,-0.61036,-0.65420,-0.69534,-0.73365,-0.76914,-0.80155,-0.83066,-0.85629,-0.87844,-0.89686,-0.91131,-0.92155,-0.92774,-0.92953,-0.92775,-0.92271,-0.91541,-0.90781,-0.90184,-0.89909,-0.90062,-0.90664,-0.91526,-0.92590,-0.93609,-0.94498,-0.95099,-0.95332,-0.95106,-0.94321,-0.92926,-0.90835,-0.88014,-0.84413,-0.80070,-0.75012,-0.69429,-0.63438,-0.57272,-0.51184,-0.45354,-0.39886,-0.34846,-0.30151,-0.25678,-0.21302,-0.16843,-0.12187,-0.072496,-0.019935,0.036165,0.095388,0.15816,0.22478,0.29661,0.37485,0.46136,0.55627,0.65988,0.76904,0.87988,0.98668,1.0860,1.1742,1.2502
1.3831,1.4326,1.4734,1.5070,1.5347,1.5573,1.5755,1.5898,1.6006,1.6085,1.6137,1.6169,1.6185,1.6189,1.6187,1.6184,1.6190,1.6230,1.6398,1.7584,-1.8071,-1.6941,-1.6964,-1.7224,-1.7633,-1.8182,-1.8892,-1.9799,-2.0965,-2.2474,-2.4423,-2.6862,-2.9678,3.0302,2.7780,2.5753,2.4183,2.2967,2.2004,2.1215,2.0544,1.9948,1.9404,1.8886,1.8381,1.7880,1.7379,1.6882,1.6399,1.5946,1.5542,1.5203,1.4939,1.4749,1.4624,1.4552,1.4519,1.4515,1.4532,1.4563,1.4606,1.4659,1.4720,1.4792,1.4875,1.4973,1.5089,1.5230,1.5403,1.5612,1.5866,1.6163,1.6501,1.6866,1.7237,1.7586,1.7875,1.8068,1.8133,1.8034,1.7736,1.7207,1.6409,1.5323,1.3967,1.2405,1.0767,0.91892,0.77631,0.65202,0.54562,0.45464,0.37734,0.31223,0.25811,0.21437,0.18007,0.15367,0.13367,0.11768,0.10356,0.090873,0.079876,0.072671,0.071238,0.077213,0.090391,0.10814,0.12728,0.14307,0.15214,0.15203,0.14248,0.12478,0.10209,0.077664,0.054595,0.035212,0.020211,0.0094972,0.0010361,-0.0076201,-0.019301,-0.036282,-0.060079,-0.091125,-0.12881,-0.17193,-0.21873,-0.26785,-0.31785,-0.36770,-0.41692,-0.46502,-0.51157,-0.55666,-0.59995,-0.64116,-0.68015,-0.71645,-0.74994,-0.78030,-0.80716,-0.83005,-0.84908,-0.86359,-0.87356,-0.87872,-0.87939,-0.87550,-0.86831,-0.85903,-0.84975,-0.84245,-0.83925,-0.84081,-0.84721,-0.85683,-0.86816,-0.87971,-0.88973,-0.89693,-0.90023,-0.89902,-0.89194,-0.87873,-0.85917,-0.83254,-0.79890,-0.75887,-0.71287,-0.66204,-0.60829,-0.55305,-0.49821,-0.44546,-0.39532,-0.34810,-0.30313,-0.25886,-0.21446,-0.16816,-0.11907,-0.066207,-0.0093670,0.051662,0.11677,0.18598,0.25983,0.33970,0.42666,0.52220,0.62600,0.73721,0.85143,0.96470,1.0712,1.1677,1.2518,1.3233
1.4550,1.5001,1.5371,1.5672,1.5917,1.6114,1.6270,1.6389,1.6478,1.6540,1.6582,1.6610,1.6631,1.6656,1.6695,1.6769,1.6918,1.7251,1.8177,2.2920,-2.2042,-1.8995,-1.8479,-1.8531,-1.8856,-1.9381,-2.0093,-2.1011,-2.2171,-2.3621,-2.5413,-2.7555,-2.9953,3.0429,2.8166,2.6234,2.4654,2.3376,2.2331,2.1459,2.0706,2.0037,1.9423,1.8841,1.8279,1.7728,1.7186,1.6659,1.6158,1.5703,1.5311,1.4996,1.4763,1.4608,1.4517,1.4477,1.4474,1.4497,1.4538,1.4589,1.4650,1.4717,1.4790,1.4871,1.4959,1.5058,1.5171,1.5301,1.5455,1.5634,1.5839,1.6071,1.6320,1.6573,1.6808,1.6996,1.7108,1.7107,1.6958,1.6629,1.6083,1.5290,1.4243,1.2962,1.1525,1.0048,0.86436,0.73980,0.63261,0.54211,0.46587,0.40082,0.34544,0.29903,0.26068,0.23027,0.20649,0.18786,0.17251,0.15829,0.14341,0.12740,0.11126,0.097654,0.088903,0.087136,0.092636,0.10314,0.11573,0.12629,0.13143,0.12885,0.11846,0.10153,0.080775,0.059121,0.039558,0.023840,0.012461,0.0047978,-0.0010400,-0.0076823,-0.017717,-0.032873,-0.054637,-0.082960,-0.11698,-0.15572,-0.19758,-0.24145,-0.28642,-0.33144,-0.37640,-0.42108,-0.46502,-0.50816,-0.55034,-0.59106,-0.62996,-0.66675,-0.70082,-0.73183,-0.75931,-0.78264,-0.80168,-0.81622,-0.82568,-0.82993,-0.82944,-0.82426,-0.81566,-0.80546,-0.79536,-0.78828,-0.78564,-0.78825,-0.79564,-0.80625,-0.81879,-0.83117,-0.84191,-0.84986,-0.85388,-0.85310,-0.84702,-0.83482,-0.81643,-0.79165,-0.76071,-0.72388,-0.68224,-0.63650,-0.58789,-0.53833,-0.48864,-0.44030,-0.39377,-0.34869,-0.30490,-0.26078,-0.21519,-0.16676,-0.11456,-0.057750,0.0039874,0.070725,0.14242,0.21921,0.30178,0.39072,0.48760,0.59328,0.70617,0.82413,0.94325,1.0571,1.1617,1.2545,1.3335,1.4001
1.5297,1.5701,1.6029,1.6293,1.6504,1.6669,1.6797,1.6891,1.6958,1.7004,1.7036,1.7062,1.7093,1.7144,1.7234,1.7401,1.7722,1.8405,2.0183,2.6802,-2.4341,-2.0864,-1.9970,-1.9841,-2.0076,-2.0555,-2.1239,-2.2126,-2.3227,-2.4576,-2.6187,-2.8061,-3.0135,3.0551,2.8495,2.6653,2.5072,2.3743,2.2626,2.1672,2.0842,2.0099,1.9415,1.8772,1.8154,1.7555,1.6975,1.6422,1.5910,1.5459,1.5083,1.4795,1.4595,1.4473,1.4416,1.4408,1.4433,1.4481,1.4543,1.4613,1.4689,1.4768,1.4849,1.4934,1.5023,1.5117,1.5219,1.5332,1.5456,1.5594,1.5743,1.5898,1.6051,1.6185,1.6276,1.6300,1.6226,1.6020,1.5650,1.5084,1.4301,1.3291,1.2089,1.0767,0.94243,0.81677,0.70560,0.61127,0.53300,0.46758,0.41289,0.36666,0.32770,0.29529,0.26912,0.24855,0.23251,0.21929,0.20695,0.19332,0.17665,0.15747,0.13693,0.11804,0.10356,0.095872,0.095254,0.099921,0.10688,0.11271,0.11405,0.10917,0.097512,0.080853,0.061308,0.041937,0.025063,0.012057,0.0035363,-0.0019506,-0.0060263,-0.011233,-0.020075,-0.034053,-0.053985,-0.079684,-0.11021,-0.14470,-0.18180,-0.22067,-0.26045,-0.30099,-0.34186,-0.38269,-0.42390,-0.46477,-0.50529,-0.54495,-0.58342,-0.61994,-0.65418,-0.68529,-0.71292,-0.73643,-0.75545,-0.76949,-0.77844,-0.78201,-0.78043,-0.77454,-0.76557,-0.75525,-0.74609,-0.74001,-0.73910,-0.74305,-0.75193,-0.76355,-0.77681,-0.78983,-0.80119,-0.80956,-0.81395,-0.81364,-0.80801,-0.79688,-0.77983,-0.75706,-0.72878,-0.69550,-0.65770,-0.61646,-0.57268,-0.52754,-0.48213,-0.43743,-0.39357,-0.35019,-0.30690,-0.26234,-0.21512,-0.16414,-0.10834,-0.046759,0.020636,0.094183,0.17354,0.25919,0.35168,0.45168,0.55968,0.67604,0.79781,0.92210,1.0433,1.1567,1.2576,1.3452,1.4189,1.4798
1.6058,1.6414,1.6699,1.6924,1.7098,1.7232,1.7329,1.7398,1.7444,1.7474,1.7498,1.7528,1.7576,1.7662,1.7816,1.8098,1.8623,1.9697,2.2269,2.8987,-2.5785,-2.2491,-2.1385,-2.1109,-2.1253,-2.1669,-2.2295,-2.3120,-2.4135,-2.5356,-2.6789,-2.8433,-3.0250,3.0674,2.8785,2.7021,2.5442,2.4067,2.2880,2.1849,2.0941,2.0123,1.9371,1.8664,1.7993,1.7350,1.6737,1.6164,1.5648,1.5205,1.4851,1.4593,1.4426,1.4340,1.4317,1.4339,1.4391,1.4463,1.4544,1.4631,1.4719,1.4807,1.4893,1.4978,1.5062,1.5146,1.5231,1.5317,1.5405,1.5492,1.5576,1.5647,1.5695,1.5702,1.5647,1.5503,1.5241,1.4832,1.4249,1.3472,1.2503,1.1375,1.0152,0.89198,0.77739,0.67599,0.59103,0.52108,0.46400,0.41728,0.37850,0.34620,0.31956,0.29793,0.28102,0.26806,0.25758,0.24811,0.23730,0.22317,0.20470,0.18242,0.15814,0.13528,0.11649,0.10416,0.098707,0.098423,0.10055,0.10207,0.099861,0.092413,0.079342,0.062379,0.043660,0.025694,0.010740,-0.00014572,-0.0068514,-0.010764,-0.013771,-0.018218,-0.026258,-0.039148,-0.057402,-0.080508,-0.10766,-0.13795,-0.17046,-0.20452,-0.23958,-0.27554,-0.31221,-0.34959,-0.38755,-0.42603,-0.46458,-0.50275,-0.54027,-0.57642,-0.61017,-0.64113,-0.66858,-0.69171,-0.71043,-0.72398,-0.73234,-0.73526,-0.73344,-0.72723,-0.71859,-0.70950,-0.70184,-0.69808,-0.69917,-0.70512,-0.71530,-0.72806,-0.74191,-0.75519,-0.76672,-0.77513,-0.77974,-0.77968,-0.77461,-0.76433,-0.74879,-0.72809,-0.70238,-0.67235,-0.63818,-0.60085,-0.56114,-0.52014,-0.47830,-0.43638,-0.39462,-0.35252,-0.30928,-0.26351,-0.21434,-0.16024,-0.10017,-0.033215,0.040849,0.12245,0.21103,0.30759,0.41145,0.52416,0.64433,0.77132,0.90168,1.0304,1.1517,1.2619,1.3578,1.4392,1.5064,1.5614
1.6825,1.7131,1.7370,1.7554,1.7692,1.7792,1.7860,1.7905,1.7932,1.7951,1.7972,1.8011,1.8083,1.8218,1.8454,1.8870,1.9628,2.1102,2.4228,3.0202,-2.6770,-2.3860,-2.2675,-2.2295,-2.2350,-2.2690,-2.3243,-2.3983,-2.4895,-2.5982,-2.7250,-2.8701,-3.0311,3.0799,2.9044,2.7344,2.5766,2.4345,2.3086,2.1975,2.0986,2.0091,1.9271,1.8504,1.7781,1.7099,1.6459,1.5874,1.5360,1.4934,1.4608,1.4384,1.4253,1.4201,1.4211,1.4263,1.4342,1.4436,1.4536,1.4637,1.4735,1.4829,1.4917,1.4998,1.5074,1.5142,1.5203,1.5256,1.5299,1.5329,1.5338,1.5319,1.5255,1.5133,1.4927,1.4615,1.4173,1.3575,1.2809,1.1879,1.0811,0.96714,0.85302,0.74636,0.65243,0.57339,0.50903,0.45756,0.41648,0.38353,0.35690,0.33525,0.31824,0.30492,0.29509,0.28767,0.28131,0.27395,0.26384,0.24874,0.22839,0.20333,0.17627,0.15036,0.12846,0.11261,0.10329,0.098887,0.096786,0.094249,0.088504,0.078342,0.063729,0.046082,0.027507,0.010426,-0.0033766,-0.013074,-0.018681,-0.021753,-0.024257,-0.028354,-0.035910,-0.047756,-0.064174,-0.084676,-0.10845,-0.13470,-0.16278,-0.19219,-0.22272,-0.25435,-0.28699,-0.32090,-0.35583,-0.39153,-0.42809,-0.46469,-0.50089,-0.53591,-0.56911,-0.59928,-0.62620,-0.64880,-0.66692,-0.67988,-0.68776,-0.69038,-0.68829,-0.68270,-0.67526,-0.66801,-0.66315,-0.66204,-0.66565,-0.67365,-0.68530,-0.69872,-0.71294,-0.72638,-0.73778,-0.74608,-0.75059,-0.75066,-0.74623,-0.73685,-0.72268,-0.70399,-0.68099,-0.65367,-0.62296,-0.58921,-0.55305,-0.51536,-0.47654,-0.43697,-0.39674,-0.35526,-0.31160,-0.26438,-0.21268,-0.15476,-0.089657,-0.016334,0.065755,0.15694,0.25671,0.36607,0.48378,0.61047,0.74388,0.88148,1.0178,1.1481,1.2673,1.3719,1.4608,1.5348,1.5952,1.6437
1.7586,1.7840,1.8034,1.8176,1.8278,1.8345,1.8387,1.8409,1.8421,1.8434,1.8459,1.8516,1.8625,1.8820,1.9156,1.9726,2.0726,2.2552,2.5906,3.0922,-2.7479,-2.4980,-2.3805,-2.3355,-2.3334,-2.3595,-2.4068,-2.4713,-2.5517,-2.6477,-2.7598,-2.8884,-3.0328,3.0931,2.9282,2.7630,2.6042,2.4569,2.3233,2.2036,2.0959,1.9987,1.9098,1.8273,1.7504,1.6788,1.6130,1.5543,1.5042,1.4641,1.4348,1.4162,1.4069,1.4054,1.4097,1.4178,1.4283,1.4398,1.4515,1.4629,1.4736,1.4833,1.4919,1.4993,1.5054,1.5102,1.5134,1.5148,1.5140,1.5104,1.5033,1.4915,1.4738,1.4482,1.4130,1.3658,1.3051,1.2295,1.1399,1.0388,0.93133,0.82400,0.72334,0.63442,0.55951,0.49870,0.45037,0.41270,0.38382,0.36145,0.34422,0.33106,0.32142,0.31479,0.31022,0.30710,0.30350,0.29727,0.28688,0.27065,0.24847,0.22168,0.19246,0.16449,0.14023,0.12176,0.10938,0.10122,0.095510,0.089212,0.080033,0.067064,0.050420,0.031616,0.012653,-0.0041229,-0.017467,-0.026493,-0.031802,-0.034635,-0.037133,-0.041242,-0.048395,-0.059198,-0.073659,-0.091459,-0.11175,-0.13409,-0.15797,-0.18303,-0.20929,-0.23697,-0.26580,-0.29623,-0.32806,-0.36118,-0.39537,-0.43019,-0.46484,-0.49844,-0.53048,-0.55995,-0.58598,-0.60805,-0.62528,-0.63771,-0.64491,-0.64754,-0.64577,-0.64130,-0.63589,-0.63127,-0.62938,-0.63150,-0.63773,-0.64776,-0.66087,-0.67500,-0.68917,-0.70258,-0.71358,-0.72163,-0.72598,-0.72622,-0.72208,-0.71381,-0.70103,-0.68425,-0.66356,-0.63913,-0.61121,-0.58078,-0.54777,-0.51279,-0.47647,-0.43879,-0.39961,-0.35838,-0.31388,-0.26474,-0.20991,-0.14754,-0.076512,0.0046183,0.096183,0.19930,0.31297,0.43766,0.57184,0.71402,0.86040,1.0067,1.1463,1.2748,1.3876,1.4845,1.5651,1.6308,1.6838,1.7257
1.8331,1.8534,1.8682,1.8785,1.8852,1.8889,1.8905,1.8911,1.8913,1.8926,1.8963,1.9048,1.9204,1.9475,1.9922,2.0661,2.1889,2.3961,2.7254,3.1370,-2.8003,-2.5877,-2.4761,-2.4275,-2.4189,-2.4375,-2.4763,-2.5315,-2.6013,-2.6856,-2.7846,-2.8994,-3.0302,3.1075,2.9507,2.7883,2.6270,2.4731,2.3306,2.2012,2.0843,1.9789,1.8830,1.7952,1.7145,1.6407,1.5744,1.5166,1.4689,1.4323,1.4070,1.3924,1.3873,1.3895,1.3972,1.4083,1.4212,1.4347,1.4480,1.4605,1.4717,1.4816,1.4897,1.4961,1.5004,1.5026,1.5023,1.4992,1.4925,1.4819,1.4662,1.4443,1.4150,1.3764,1.3270,1.2657,1.1911,1.1046,1.0078,0.90562,0.80355,0.70745,0.62172,0.54926,0.49011,0.44364,0.40809,0.38133,0.36174,0.34764,0.33783,0.33123,0.32769,0.32610,0.32591,0.32576,0.32388,0.31831,0.30735,0.29006,0.26635,0.23810,0.20751,0.17822,0.15246,0.13211,0.11701,0.10581,0.096555,0.086575,0.074023,0.058262,0.039312,0.019029,-0.00078627,-0.018019,-0.031383,-0.040590,-0.046044,-0.049274,-0.052068,-0.056305,-0.062978,-0.072540,-0.085056,-0.10012,-0.11694,-0.13549,-0.15535,-0.17635,-0.19875,-0.22258,-0.24799,-0.27523,-0.30408,-0.33461,-0.36645,-0.39907,-0.43204,-0.46437,-0.49503,-0.52334,-0.54839,-0.56921,-0.58579,-0.59753,-0.60451,-0.60692,-0.60635,-0.60346,-0.60040,-0.59887,-0.60059,-0.60592,-0.61491,-0.62677,-0.64083,-0.65553,-0.66990,-0.68281,-0.69353,-0.70100,-0.70540,-0.70576,-0.70203,-0.69463,-0.68339,-0.66834,-0.64977,-0.62781,-0.60278,-0.57494,-0.54464,-0.51212,-0.47792,-0.44170,-0.40321,-0.36165,-0.31608,-0.26454,-0.20612,-0.13850,-0.060152,0.030356,0.13416,0.25188,0.38296,0.52676,0.67983,0.83821,0.99596,1.1471,1.2848,1.4068,1.5110,1.5978,1.6687,1.7258,1.7708,1.8063
1.9055,1.9206,1.9310,1.9375,1.9409,1.9421,1.9417,1.9410,1.9409,1.9428,1.9487,1.9609,1.9825,2.0182,2.0750,2.1648,2.3068,2.5252,2.8299,-3.1162,-2.8393,-2.6578,-2.5545,-2.5045,-2.4908,-2.5023,-2.5331,-2.5795,-2.6397,-2.7133,-2.8009,-2.9040,-3.0235,3.1236,2.9724,2.8107,2.6447,2.4821,2.3285,2.1879,2.0608,1.9470,1.8447,1.7524,1.6692,1.5947,1.5294,1.4742,1.4302,1.3978,1.3772,1.3673,1.3664,1.3726,1.3835,1.3974,1.4128,1.4282,1.4430,1.4564,1.4681,1.4778,1.4851,1.4901,1.4923,1.4914,1.4870,1.4788,1.4659,1.4476,1.4230,1.3908,1.3499,1.2991,1.2372,1.1639,1.0797,0.98663,0.88858,0.79053,0.69746,0.61418,0.54258,0.48408,0.43811,0.40300,0.37732,0.35925,0.34706,0.33965,0.33582,0.33468,0.33576,0.33829,0.34132,0.34324,0.34253,0.33700,0.32558,0.30740,0.28273,0.25347,0.22235,0.19232,0.16557,0.14359,0.12645,0.11239,0.099820,0.086292,0.070377,0.051533,0.030215,0.0080342,-0.013103,-0.031193,-0.045341,-0.055209,-0.061367,-0.065328,-0.068638,-0.072931,-0.079009,-0.087224,-0.097642,-0.10984,-0.12346,-0.13841,-0.15446,-0.17189,-0.19060,-0.21097,-0.23316,-0.25735,-0.28337,-0.31134,-0.34085,-0.37164,-0.40261,-0.43324,-0.46254,-0.48947,-0.51314,-0.53300,-0.54876,-0.55972,-0.56642,-0.56931,-0.56969,-0.56903,-0.56886,-0.57091,-0.57601,-0.58456,-0.59613,-0.60998,-0.62492,-0.64001,-0.65412,-0.66679,-0.67683,-0.68410,-0.68800,-0.68863,-0.68555,-0.67895,-0.66898,-0.65573,-0.63927,-0.61948,-0.59679,-0.57133,-0.54325,-0.51305,-0.48061,-0.44555,-0.40758,-0.36555,-0.31824,-0.26400,-0.20096,-0.12695,-0.039666,0.062694,0.18207,0.31919,0.47226,0.63857,0.81264,0.98579,1.1501,1.3001,1.4309,1.5422,1.6347,1.7101,1.7704,1.8184,1.8558,1.8842
1.9750,1.9853,1.9916,1.9946,1.9952,1.9941,1.9922,1.9906,1.9909,1.9943,2.0031,2.0199,2.0482,2.0930,2.1620,2.2659,2.4202,2.6378,2.9100,-3.0949,-2.8680,-2.7120,-2.6170,-2.5669,-2.5490,-2.5545,-2.5779,-2.6161,-2.6673,-2.7312,-2.8089,-2.9019,-3.0120,-3.1410,2.9944,2.8306,2.6570,2.4821,2.3146,2.1606,2.0226,1.9005,1.7928,1.6977,1.6139,1.5407,1.4783,1.4273,1.3881,1.3611,1.3458,1.3408,1.3443,1.3543,1.3688,1.3857,1.4033,1.4206,1.4366,1.4507,1.4626,1.4718,1.4782,1.4812,1.4808,1.4764,1.4676,1.4537,1.4342,1.4079,1.3740,1.3317,1.2799,1.2180,1.1457,1.0636,0.97363,0.87883,0.78371,0.69306,0.61085,0.53963,0.48069,0.43402,0.39861,0.37276,0.35500,0.34385,0.33777,0.33577,0.33680,0.34010,0.34516,0.35078,0.35619,0.35978,0.35972,0.35427,0.34230,0.32348,0.29821,0.26872,0.23734,0.20710,0.17966,0.15669,0.13764,0.12115,0.10546,0.088365,0.069025,0.047037,0.023008,-0.0013956,-0.024356,-0.043785,-0.059192,-0.070213,-0.077305,-0.082231,-0.086067,-0.090279,-0.095692,-0.10242,-0.11060,-0.11999,-0.13060,-0.14222,-0.15490,-0.16892,-0.18449,-0.20178,-0.22097,-0.24243,-0.26584,-0.29137,-0.31870,-0.34722,-0.37626,-0.40527,-0.43295,-0.45835,-0.48067,-0.49936,-0.51405,-0.52450,-0.53101,-0.53459,-0.53653,-0.53823,-0.54122,-0.54681,-0.55549,-0.56738,-0.58131,-0.59660,-0.61248,-0.62768,-0.64159,-0.65364,-0.66329,-0.67010,-0.67397,-0.67461,-0.67204,-0.66637,-0.65768,-0.64603,-0.63120,-0.61346,-0.59306,-0.56989,-0.54386,-0.51560,-0.48453,-0.45043,-0.41254,-0.36985,-0.32053,-0.26267,-0.19427,-0.11226,-0.013624,0.10455,0.24441,0.40706,0.58873,0.78169,0.97469,1.1577,1.3210,1.4619,1.5801,1.6773,1.7557,1.8189,1.8689,1.9077,1.9373,1.9594
2.0413,2.0473,2.0498,2.0496,2.0477,2.0448,2.0419,2.0403,2.0413,2.0469,2.0594,2.0815,2.1170,2.1709,2.2504,2.3649,2.5243,2.7322,2.9717,-3.0788,-2.8884,-2.7526,-2.6652,-2.6157,-2.5945,-2.5947,-2.6113,-2.6420,-2.6849,-2.7400,-2.8086,-2.8928,-2.9952,-3.1188,3.0175,2.8486,2.6629,2.4711,2.2854,2.1156,1.9661,1.8368,1.7258,1.6305,1.5489,1.4794,1.4221,1.3770,1.3439,1.3230,1.3133,1.3135,1.3217,1.3357,1.3534,1.3730,1.3928,1.4118,1.4290,1.4437,1.4555,1.4639,1.4688,1.4697,1.4662,1.4578,1.4440,1.4242,1.3974,1.3631,1.3202,1.2681,1.2065,1.1354,1.0551,0.96773,0.87567,0.78279,0.69356,0.61169,0.53998,0.48000,0.43190,0.39513,0.36835,0.35017,0.33879,0.33327,0.33212,0.33463,0.33957,0.34671,0.35492,0.36321,0.37057,0.37521,0.37559,0.37027,0.35788,0.33875,0.31346,0.28400,0.25291,0.22273,0.19521,0.17131,0.15070,0.13180,0.11302,0.092689,0.069816,0.044459,0.017413,-0.0094258,-0.034400,-0.055753,-0.072689,-0.085019,-0.093499,-0.099254,-0.10353,-0.10763,-0.11212,-0.11735,-0.12332,-0.13022,-0.13794,-0.14660,-0.15631,-0.16747,-0.18014,-0.19465,-0.21131,-0.23010,-0.25114,-0.27438,-0.29947,-0.32592,-0.35316,-0.38020,-0.40624,-0.43014,-0.45104,-0.46848,-0.48211,-0.49191,-0.49865,-0.50309,-0.50667,-0.51096,-0.51740,-0.52663,-0.53867,-0.55337,-0.56953,-0.58624,-0.60284,-0.61791,-0.63163,-0.64318,-0.65236,-0.65887,-0.66254,-0.66335,-0.66145,-0.65675,-0.64911,-0.63889,-0.62581,-0.60990,-0.59132,-0.57005,-0.54616,-0.51945,-0.48970,-0.45647,-0.41857,-0.37480,-0.32309,-0.26102,-0.18600,-0.093800,0.019914,0.15997,0.32874,0.52618,0.74284,0.96324,1.1694,1.3502,1.5024,1.6269,1.7271,1.8080,1.8722,1.9229,1.9627,1.9929,2.0152,2.0310
2.1044,2.1064,2.1057,2.1027,2.0988,2.0944,2.0911,2.0898,2.0923,2.1007,2.1171,2.1447,2.1870,2.2492,2.3370,2.4577,2.6163,2.8097,3.0198,-3.0653,-2.9021,-2.7818,-2.7010,-2.6518,-2.6281,-2.6234,-2.6339,-2.6573,-2.6926,-2.7398,-2.8000,-2.8761,-2.9716,-3.0914,3.0434,2.8649,2.6609,2.4451,2.2358,2.0480,1.8876,1.7543,1.6438,1.5518,1.4754,1.4128,1.3625,1.3246,1.2986,1.2843,1.2806,1.2861,1.2989,1.3169,1.3378,1.3601,1.3819,1.4024,1.4204,1.4354,1.4467,1.4541,1.4571,1.4553,1.4484,1.4356,1.4164,1.3902,1.3562,1.3136,1.2621,1.2012,1.1313,1.0528,0.96747,0.87780,0.78677,0.69870,0.61669,0.54401,0.48233,0.43219,0.39337,0.36470,0.34502,0.33291,0.32701,0.32615,0.32925,0.33535,0.34396,0.35413,0.36484,0.37535,0.38412,0.38981,0.39056,0.38517,0.37286,0.35367,0.32848,0.29963,0.26913,0.23949,0.21197,0.18744,0.16533,0.14408,0.12237,0.098644,0.072275,0.043413,0.013423,-0.016245,-0.043495,-0.066921,-0.085632,-0.099587,-0.10929,-0.11586,-0.12059,-0.12428,-0.12779,-0.13145,-0.13548,-0.14002,-0.14523,-0.15129,-0.15847,-0.16708,-0.17736,-0.18950,-0.20378,-0.22036,-0.23914,-0.26023,-0.28320,-0.30766,-0.33296,-0.35811,-0.38241,-0.40464,-0.42422,-0.44035,-0.45318,-0.46250,-0.46937,-0.47470,-0.48032,-0.48746,-0.49706,-0.50968,-0.52512,-0.54253,-0.56068,-0.57859,-0.59551,-0.61084,-0.62416,-0.63525,-0.64402,-0.65019,-0.65394,-0.65491,-0.65350,-0.64951,-0.64301,-0.63406,-0.62254,-0.60828,-0.59165,-0.57217,-0.55006,-0.52500,-0.49646,-0.46382,-0.42579,-0.38063,-0.32618,-0.25901,-0.17550,-0.069374,0.065620,0.23738,0.44883,0.69361,0.94896,1.1867,1.3905,1.5547,1.6844,1.7867,1.8677,1.9313,1.9818,2.0212,2.0509,2.0732,2.0889,2.0988
2.1643,2.1628,2.1591,2.1540,2.1483,2.1432,2.1398,2.1392,2.1435,2.1548,2.1754,2.2082,2.2568,2.3255,2.4190,2.5417,2.6951,2.8726,3.0580,-3.0531,-2.9102,-2.8017,-2.7259,-2.6771,-2.6505,-2.6412,-2.6460,-2.6629,-2.6907,-2.7299,-2.7819,-2.8503,-2.9395,-3.0563,3.0743,2.8806,2.6486,2.3979,2.1580,1.9517,1.7847,1.6526,1.5480,1.4642,1.3967,1.3432,1.3017,1.2719,1.2537,1.2462,1.2486,1.2594,1.2767,1.2984,1.3225,1.3472,1.3710,1.3925,1.4111,1.4259,1.4365,1.4424,1.4431,1.4382,1.4274,1.4097,1.3848,1.3521,1.3107,1.2603,1.2007,1.1322,1.0555,0.97238,0.88453,0.79527,0.70782,0.62567,0.55160,0.48771,0.43513,0.39349,0.36239,0.34062,0.32692,0.31988,0.31850,0.32148,0.32820,0.33751,0.34901,0.36174,0.37483,0.38713,0.39718,0.40362,0.40480,0.39948,0.38739,0.36847,0.34398,0.31593,0.28636,0.25728,0.22994,0.20491,0.18133,0.15782,0.13310,0.10600,0.075956,0.043705,0.010380,-0.022134,-0.051952,-0.077497,-0.098055,-0.11353,-0.12442,-0.13164,-0.13650,-0.13978,-0.14228,-0.14438,-0.14668,-0.14920,-0.15215,-0.15618,-0.16122,-0.16772,-0.17594,-0.18602,-0.19833,-0.21282,-0.22962,-0.24864,-0.26970,-0.29213,-0.31559,-0.33900,-0.36147,-0.38231,-0.40023,-0.41523,-0.42711,-0.43611,-0.44326,-0.44992,-0.45757,-0.46739,-0.48030,-0.49632,-0.51472,-0.53458,-0.55436,-0.57321,-0.59069,-0.60587,-0.61901,-0.62960,-0.63803,-0.64391,-0.64751,-0.64892,-0.64790,-0.64483,-0.63938,-0.63169,-0.62148,-0.60896,-0.59390,-0.57632,-0.55582,-0.53242,-0.50509,-0.47320,-0.43491,-0.38827,-0.33052,-0.25697,-0.16185,-0.036375,0.13129,0.35294,0.62814,0.93016,1.2124,1.4442,1.6207,1.7553,1.8572,1.9356,1.9973,2.0456,2.0829,2.1118,2.1333,2.1483,2.1577,2.1630
2.2210,2.2165,2.2105,2.2037,2.1969,2.1911,2.1879,2.1884,2.1947,2.2088,2.2333,2.2709,2.3242,2.3974,2.4937,2.6154,2.7613,2.9239,3.0894,-3.0414,-2.9131,-2.8134,-2.7409,-2.6921,-2.6627,-2.6490,-2.6481,-2.6581,-2.6784,-2.7095,-2.7532,-2.8131,-2.8956,-3.0100,3.1140,2.8967,2.6208,2.3184,2.0418,1.8215,1.6571,1.5352,1.4428,1.3718,1.3164,1.2734,1.2420,1.2211,1.2105,1.2099,1.2183,1.2343,1.2557,1.2811,1.3082,1.3350,1.3602,1.3826,1.4014,1.4157,1.4250,1.4288,1.4268,1.4184,1.4030,1.3804,1.3495,1.3100,1.2615,1.2037,1.1372,1.0625,0.98123,0.89538,0.80756,0.72092,0.63844,0.56295,0.49673,0.44111,0.39638,0.36207,0.33746,0.32149,0.31270,0.30993,0.31221,0.31863,0.32832,0.34061,0.35474,0.36974,0.38476,0.39857,0.40993,0.41699,0.41855,0.41356,0.40175,0.38350,0.35996,0.33287,0.30420,0.27600,0.24898,0.22333,0.19836,0.17257,0.14482,0.11421,0.080627,0.044704,0.0081476,-0.027417,-0.059731,-0.087501,-0.10972,-0.12651,-0.13830,-0.14608,-0.15077,-0.15356,-0.15516,-0.15599,-0.15670,-0.15756,-0.15886,-0.16106,-0.16439,-0.16919,-0.17576,-0.18420,-0.19469,-0.20740,-0.22241,-0.23952,-0.25867,-0.27931,-0.30096,-0.32266,-0.34349,-0.36265,-0.37937,-0.39312,-0.40417,-0.41303,-0.42064,-0.42854,-0.43841,-0.45104,-0.46712,-0.48631,-0.50735,-0.52942,-0.55067,-0.57047,-0.58811,-0.60322,-0.61612,-0.62637,-0.63445,-0.64013,-0.64375,-0.64539,-0.64500,-0.64271,-0.63813,-0.63158,-0.62294,-0.61197,-0.59848,-0.58270,-0.56422,-0.54239,-0.51620,-0.48516,-0.44689,-0.39879,-0.33691,-0.25520,-0.14414,0.011996,0.23485,0.54022,0.90398,1.2488,1.5149,1.7055,1.8408,1.9386,2.0127,2.0696,2.1137,2.1483,2.1750,2.1949,2.2090,2.2179,2.2225,2.2233
2.2745,2.2677,2.2599,2.2517,2.2442,2.2383,2.2353,2.2370,2.2452,2.2619,2.2896,2.3306,2.3875,2.4633,2.5600,2.6785,2.8163,2.9659,3.1158,-3.0292,-2.9115,-2.8179,-2.7476,-2.6978,-2.6652,-2.6468,-2.6399,-2.6429,-2.6552,-2.6775,-2.7116,-2.7620,-2.8358,-2.9461,-3.1141,2.9153,2.5668,2.1871,1.8750,1.6569,1.5099,1.4081,1.3346,1.2796,1.2381,1.2072,1.1857,1.1736,1.1706,1.1765,1.1906,1.2114,1.2370,1.2656,1.2951,1.3239,1.3502,1.3729,1.3913,1.4045,1.4121,1.4135,1.4082,1.3958,1.3758,1.3475,1.3105,1.2645,1.2091,1.1449,1.0724,0.99334,0.90946,0.82298,0.73715,0.65432,0.57771,0.50929,0.45054,0.40220,0.36435,0.33636,0.31734,0.30603,0.30133,0.30218,0.30775,0.31704,0.32950,0.34422,0.36061,0.37773,0.39455,0.40979,0.42203,0.42984,0.43192,0.42743,0.41613,0.39864,0.37612,0.35025,0.32284,0.29536,0.26858,0.24236,0.21583,0.18772,0.15696,0.12284,0.085493,0.045976,0.0061243,-0.032205,-0.066971,-0.096670,-0.12046,-0.13834,-0.15077,-0.15889,-0.16338,-0.16570,-0.16643,-0.16617,-0.16561,-0.16510,-0.16515,-0.16603,-0.16805,-0.17157,-0.17673,-0.18385,-0.19288,-0.20402,-0.21735,-0.23278,-0.25020,-0.26918,-0.28902,-0.30920,-0.32849,-0.34608,-0.36135,-0.37422,-0.38453,-0.39331,-0.40160,-0.41104,-0.42292,-0.43832,-0.45742,-0.47952,-0.50317,-0.52695,-0.54939,-0.57001,-0.58784,-0.60297,-0.61559,-0.62552,-0.63329,-0.63893,-0.64263,-0.64460,-0.64466,-0.64301,-0.63960,-0.63430,-0.62688,-0.61758,-0.60603,-0.59208,-0.57535,-0.55534,-0.53110,-0.50097,-0.46301,-0.41338,-0.34711,-0.25417,-0.11801,0.092286,0.41899,0.86530,1.2994,1.6107,1.8102,1.9405,2.0311,2.0970,2.1469,2.1856,2.2162,2.2396,2.2572,2.2700,2.2782,2.2820,2.2825,2.2797
2.3252,2.3167,2.3076,2.2984,2.2905,2.2845,2.2820,2.2848,2.2944,2.3132,2.3433,2.3864,2.4454,2.5219,2.6174,2.7317,2.8618,3.0008,3.1391,-3.0163,-2.9058,-2.8159,-2.7462,-2.6945,-2.6584,-2.6347,-2.6214,-2.6166,-2.6201,-2.6322,-2.6548,-2.6923,-2.7535,-2.8551,-3.0307,2.9420,2.4602,1.9723,1.6510,1.4656,1.3534,1.2805,1.2298,1.1929,1.1656,1.1464,1.1348,1.1310,1.1350,1.1472,1.1663,1.1916,1.2209,1.2525,1.2840,1.3141,1.3410,1.3635,1.3809,1.3926,1.3977,1.3961,1.3871,1.3703,1.3452,1.3114,1.2682,1.2159,1.1544,1.0847,1.0079,0.92599,0.84118,0.75622,0.67342,0.59571,0.52509,0.46337,0.41154,0.36972,0.33784,0.31524,0.30082,0.29354,0.29229,0.29617,0.30459,0.31641,0.33131,0.34838,0.36685,0.38588,0.40435,0.42097,0.43410,0.44260,0.44524,0.44132,0.43080,0.41403,0.39265,0.36805,0.34181,0.31507,0.28835,0.26145,0.23337,0.20280,0.16879,0.13113,0.090069,0.047076,0.0039992,-0.037096,-0.073938,-0.10532,-0.13034,-0.14900,-0.16193,-0.17003,-0.17438,-0.17606,-0.17601,-0.17494,-0.17340,-0.17203,-0.17106,-0.17097,-0.17213,-0.17478,-0.17888,-0.18485,-0.19274,-0.20255,-0.21439,-0.22828,-0.24414,-0.26147,-0.27983,-0.29837,-0.31626,-0.33255,-0.34679,-0.35861,-0.36842,-0.37714,-0.38623,-0.39713,-0.41133,-0.42944,-0.45145,-0.47614,-0.50201,-0.52747,-0.55110,-0.57231,-0.59037,-0.60522,-0.61749,-0.62737,-0.63475,-0.64040,-0.64433,-0.64669,-0.64734,-0.64642,-0.64407,-0.63998,-0.63402,-0.62635,-0.61669,-0.60484,-0.59050,-0.57282,-0.55080,-0.52264,-0.48569,-0.43550,-0.36391,-0.25496,-0.075192,0.24991,0.79807,1.3777,1.7380,1.9356,2.0543,2.1320,2.1865,2.2280,2.2599,2.2845,2.3044,2.3195,2.3303,2.3374,2.3407,2.3407,2.3378,2.3325
2.3730,2.3634,2.3534,2.3439,2.3355,2.3297,2.3277,2.3311,2.3418,2.3619,2.3931,2.4376,2.4970,2.5730,2.6663,2.7762,2.8996,3.0304,-3.1228,-3.0018,-2.8959,-2.8077,-2.7373,-2.6829,-2.6423,-2.6126,-2.5920,-2.5786,-2.5715,-2.5713,-2.5792,-2.5992,-2.6400,-2.7201,-2.8897,2.9932,2.2205,1.6372,1.3851,1.2664,1.2014,1.1613,1.1343,1.1152,1.1016,1.0934,1.0908,1.0941,1.1048,1.1223,1.1462,1.1754,1.2081,1.2419,1.2753,1.3060,1.3326,1.3544,1.3703,1.3797,1.3819,1.3767,1.3636,1.3420,1.3116,1.2720,1.2231,1.1650,1.0984,1.0242,0.94463,0.86151,0.77743,0.69495,0.61655,0.54408,0.47972,0.42430,0.37862,0.34264,0.31594,0.29774,0.28720,0.28333,0.28505,0.29166,0.30251,0.31675,0.33379,0.35299,0.37350,0.39429,0.41424,0.43188,0.44614,0.45533,0.45847,0.45503,0.44522,0.42973,0.40949,0.38608,0.36078,0.33483,0.30804,0.28009,0.25016,0.21696,0.17976,0.13846,0.093717,0.047467,0.0013963,-0.042010,-0.080756,-0.11342,-0.13929,-0.15849,-0.17153,-0.17962,-0.18368,-0.18488,-0.18427,-0.18249,-0.18029,-0.17819,-0.17665,-0.17605,-0.17667,-0.17868,-0.18215,-0.18734,-0.19415,-0.20280,-0.21336,-0.22581,-0.24024,-0.25613,-0.27308,-0.29019,-0.30690,-0.32205,-0.33510,-0.34619,-0.35563,-0.36465,-0.37452,-0.38712,-0.40365,-0.42444,-0.44909,-0.47622,-0.50417,-0.53111,-0.55556,-0.57717,-0.59538,-0.61047,-0.62238,-0.63193,-0.63947,-0.64497,-0.64906,-0.65166,-0.65305,-0.65294,-0.65175,-0.64897,-0.64471,-0.63900,-0.63166,-0.62244,-0.61089,-0.59627,-0.57771,-0.55311,-0.51904,-0.46988,-0.39366,-0.26009,0.016718,0.67213,1.5051,1.9058,2.0833,2.1789,2.2382,2.2793,2.3101,2.3336,2.3526,2.3677,2.3798,2.3885,2.3943,2.3970,2.3971,2.3940,2.3889,2.3817
2.4181,2.4079,2.3975,2.3878,2.3794,2.3735,2.3716,2.3752,2.3865,2.4070,2.4385,2.4831,2.5420,2.6165,2.7072,2.8132,2.9312,3.0562,-3.1025,-2.9857,-2.8817,-2.7934,-2.7210,-2.6629,-2.6168,-2.5803,-2.5511,-2.5276,-2.5082,-2.4928,-2.4817,-2.4769,-2.4840,-2.5164,-2.6236,-3.1252,1.5961,1.2134,1.1185,1.0822,1.0657,1.0569,1.0518,1.0489,1.0476,1.0490,1.0541,1.0642,1.0802,1.1026,1.1307,1.1634,1.1987,1.2344,1.2684,1.2993,1.3252,1.3456,1.3592,1.3655,1.3645,1.3551,1.3374,1.3110,1.2751,1.2301,1.1757,1.1124,1.0416,0.96458,0.88347,0.80061,0.71854,0.63965,0.56597,0.49914,0.44050,0.39105,0.35075,0.31975,0.29752,0.28318,0.27603,0.27496,0.27931,0.28831,0.30128,0.31775,0.33694,0.35816,0.38051,0.40290,0.42432,0.44316,0.45811,0.46806,0.47185,0.46904,0.46011,0.44551,0.42632,0.40406,0.37962,0.35394,0.32689,0.29779,0.26582,0.22965,0.18919,0.14432,0.096212,0.046731,-0.0020081,-0.047359,-0.087539,-0.12106,-0.14740,-0.16686,-0.17988,-0.18768,-0.19145,-0.19227,-0.19119,-0.18893,-0.18636,-0.18393,-0.18212,-0.18134,-0.18162,-0.18341,-0.18652,-0.19105,-0.19710,-0.20478,-0.21411,-0.22539,-0.23854,-0.25320,-0.26888,-0.28500,-0.30042,-0.31449,-0.32668,-0.33710,-0.34640,-0.35569,-0.36678,-0.38108,-0.39999,-0.42336,-0.45046,-0.48003,-0.50969,-0.53790,-0.56327,-0.58519,-0.60363,-0.61834,-0.63034,-0.63976,-0.64707,-0.65292,-0.65718,-0.66034,-0.66253,-0.66344,-0.66330,-0.66225,-0.65994,-0.65647,-0.65196,-0.64619,-0.63853,-0.62876,-0.61546,-0.59678,-0.57009,-0.52783,-0.45207,-0.27871,0.37475,1.7437,2.1249,2.2493,2.3099,2.3467,2.3722,2.3907,2.4058,2.4181,2.4284,2.4367,2.4434,2.4474,2.4497,2.4496,2.4472,2.4423,2.4358,2.4276
2.4605,2.4504,2.4401,2.4301,2.4218,2.4158,2.4137,2.4172,2.4281,2.4481,2.4791,2.5228,2.5805,2.6531,2.7412,2.8439,2.9582,3.0794,-3.0823,-2.9671,-2.8632,-2.7731,-2.6973,-2.6342,-2.5816,-2.5373,-2.4983,-2.4627,-2.4290,-2.3949,-2.3595,-2.3214,-2.2772,-2.2199,-2.1143,-1.3039,0.69849,0.83694,0.89274,0.92766,0.95234,0.97057,0.98413,0.99492,1.0042,1.0137,1.0254,1.0409,1.0619,1.0883,1.1202,1.1557,1.1928,1.2297,1.2639,1.2940,1.3184,1.3363,1.3472,1.3501,1.3450,1.3314,1.3088,1.2773,1.2361,1.1857,1.1265,1.0592,0.98521,0.90648,0.82538,0.74388,0.66491,0.59010,0.52124,0.45992,0.40678,0.36250,0.32719,0.30059,0.28215,0.27111,0.26677,0.26819,0.27481,0.28601,0.30103,0.31957,0.34065,0.36380,0.38795,0.41206,0.43470,0.45461,0.47036,0.48085,0.48526,0.48315,0.47494,0.46116,0.44300,0.42160,0.39791,0.37237,0.34455,0.31402,0.27972,0.24066,0.19675,0.14848,0.097132,0.044751,-0.0060575,-0.053021,-0.094286,-0.12832,-0.15481,-0.17424,-0.18702,-0.19464,-0.19802,-0.19839,-0.19706,-0.19457,-0.19179,-0.18938,-0.18758,-0.18683,-0.18726,-0.18899,-0.19200,-0.19613,-0.20144,-0.20837,-0.21672,-0.22696,-0.23894,-0.25249,-0.26723,-0.28223,-0.29670,-0.30985,-0.32141,-0.33130,-0.34057,-0.35050,-0.36278,-0.37906,-0.40024,-0.42611,-0.45583,-0.48739,-0.51872,-0.54823,-0.57426,-0.59655,-0.61494,-0.62984,-0.64156,-0.65112,-0.65853,-0.66455,-0.66927,-0.67305,-0.67593,-0.67811,-0.67954,-0.68044,-0.68067,-0.68022,-0.67931,-0.67808,-0.67606,-0.67329,-0.66924,-0.66315,-0.65329,-0.63636,-0.59866,-0.39952,2.2607,2.3945,2.4270,2.4439,2.4547,2.4622,2.4690,2.4748,2.4801,2.4854,2.4898,2.4933,2.4960,2.4976,2.4974,2.4955,2.4918,2.4861,2.4788,2.4703
2.5005,2.4907,2.4807,2.4710,2.4624,2.4561,2.4535,2.4560,2.4659,2.4849,2.5146,2.5569,2.6127,2.6834,2.7692,2.8695,2.9816,3.1010,-3.0615,-2.9458,-2.8399,-2.7465,-2.6658,-2.5966,-2.5365,-2.4828,-2.4329,-2.3839,-2.3331,-2.2776,-2.2136,-2.1347,-2.0266,-1.8516,-1.4743,-0.52806,0.27715,0.57929,0.72202,0.80627,0.86249,0.90225,0.93124,0.95332,0.97094,0.98721,1.0044,1.0247,1.0498,1.0799,1.1144,1.1521,1.1905,1.2276,1.2612,1.2897,1.3119,1.3268,1.3341,1.3332,1.3236,1.3052,1.2777,1.2409,1.1949,1.1397,1.0763,1.0059,0.92995,0.85079,0.77058,0.69167,0.61610,0.54579,0.48188,0.42569,0.37767,0.33823,0.30720,0.28439,0.26923,0.26099,0.25904,0.26275,0.27148,0.28460,0.30168,0.32211,0.34519,0.37007,0.39601,0.42146,0.44545,0.46622,0.48273,0.49383,0.49871,0.49717,0.48958,0.47654,0.45922,0.43859,0.41520,0.38935,0.36055,0.32821,0.29142,0.24923,0.20213,0.15046,0.096230,0.041569,-0.011086,-0.059143,-0.10094,-0.13514,-0.16162,-0.18082,-0.19337,-0.20056,-0.20362,-0.20373,-0.20212,-0.19955,-0.19681,-0.19453,-0.19301,-0.19268,-0.19361,-0.19538,-0.19838,-0.20231,-0.20718,-0.21331,-0.22096,-0.23020,-0.24129,-0.25394,-0.26779,-0.28200,-0.29561,-0.30811,-0.31897,-0.32870,-0.33797,-0.34885,-0.36245,-0.38080,-0.40441,-0.43312,-0.46515,-0.49892,-0.53176,-0.56229,-0.58901,-0.61153,-0.63004,-0.64498,-0.65680,-0.66634,-0.67399,-0.68031,-0.68569,-0.69039,-0.69438,-0.69813,-0.70165,-0.70485,-0.70815,-0.71185,-0.71598,-0.72135,-0.72779,-0.73660,-0.74877,-0.76784,-0.80218,-0.88104,-1.2255,3.0591,2.6905,2.6097,2.5765,2.5591,2.5492,2.5433,2.5399,2.5382,2.5378,2.5382,2.5390,2.5397,2.5402,2.5399,2.5383,2.5355,2.5311,2.5253,2.5182,2.5098
2.5378,2.5288,2.5193,2.5097,2.5011,2.4942,2.4904,2.4916,2.5000,2.5172,2.5451,2.5854,2.6394,2.7082,2.7923,2.8911,3.0025,3.1220,-3.0392,-2.9210,-2.8112,-2.7128,-2.6262,-2.5494,-2.4810,-2.4170,-2.3547,-2.2909,-2.2217,-2.1433,-2.0493,-1.9294,-1.7634,-1.5058,-1.0677,-0.43273,0.10327,0.41660,0.59899,0.71531,0.79449,0.85095,0.89215,0.92317,0.94790,0.96962,0.99134,1.0155,1.0439,1.0768,1.1136,1.1525,1.1914,1.2277,1.2598,1.2859,1.3050,1.3165,1.3197,1.3143,1.3000,1.2768,1.2444,1.2027,1.1519,1.0927,1.0260,0.95336,0.87663,0.79800,0.71983,0.64398,0.57235,0.50645,0.44748,0.39606,0.35268,0.31740,0.29024,0.27068,0.25831,0.25260,0.25288,0.25863,0.26930,0.28434,0.30326,0.32561,0.35051,0.37718,0.40455,0.43150,0.45662,0.47836,0.49537,0.50690,0.51207,0.51106,0.50400,0.49160,0.47485,0.45448,0.43104,0.40464,0.37449,0.34009,0.30052,0.25542,0.20509,0.15047,0.093626,0.036986,-0.016864,-0.065693,-0.10763,-0.14168,-0.16796,-0.18666,-0.19889,-0.20565,-0.20839,-0.20837,-0.20655,-0.20406,-0.20161,-0.19971,-0.19882,-0.19910,-0.20046,-0.20284,-0.20590,-0.20979,-0.21427,-0.21986,-0.22667,-0.23511,-0.24551,-0.25756,-0.27065,-0.28415,-0.29720,-0.30904,-0.31952,-0.32896,-0.33876,-0.35054,-0.36591,-0.38644,-0.41279,-0.44398,-0.47849,-0.51419,-0.54865,-0.57991,-0.60737,-0.63030,-0.64902,-0.66413,-0.67619,-0.68596,-0.69405,-0.70096,-0.70701,-0.71299,-0.71853,-0.72419,-0.73017,-0.73698,-0.74447,-0.75348,-0.76517,-0.77981,-0.79961,-0.82803,-0.87120,-0.94486,-1.0997,-1.5506,-2.7131,2.9757,2.7890,2.7056,2.6602,2.6323,2.6140,2.6010,2.5922,2.5862,2.5822,2.5798,2.5783,2.5772,2.5764,2.5750,2.5728,2.5699,2.5658,2.5602,2.5537,2.5462
2.5725,2.5645,2.5557,2.5463,2.5371,2.5291,2.5240,2.5234,2.5297,2.5446,2.5706,2.6087,2.6609,2.7281,2.8111,2.9097,3.0217,-3.1400,-3.0147,-2.8920,-2.7768,-2.6719,-2.5780,-2.4928,-2.4146,-2.3398,-2.2645,-2.1854,-2.0982,-1.9982,-1.8784,-1.7279,-1.5291,-1.2518,-0.86536,-0.40277,0.013283,0.31165,0.51239,0.64924,0.74543,0.81475,0.86575,0.90412,0.93443,0.96056,0.98593,1.0133,1.0441,1.0792,1.1173,1.1566,1.1948,1.2296,1.2592,1.2821,1.2975,1.3047,1.3034,1.2933,1.2743,1.2462,1.2088,1.1625,1.1080,1.0454,0.97648,0.90255,0.82598,0.74883,0.67299,0.60072,0.53320,0.47178,0.41728,0.37029,0.33103,0.29955,0.27570,0.25900,0.24920,0.24570,0.24793,0.25563,0.26809,0.28506,0.30587,0.32993,0.35664,0.38506,0.41396,0.44221,0.46819,0.49047,0.50823,0.52002,0.52554,0.52481,0.51786,0.50597,0.48946,0.46924,0.44537,0.41788,0.38615,0.34935,0.30704,0.25897,0.20566,0.14839,0.089486,0.031304,-0.023337,-0.072504,-0.11427,-0.14802,-0.17391,-0.19208,-0.20382,-0.21029,-0.21274,-0.21243,-0.21076,-0.20839,-0.20634,-0.20515,-0.20507,-0.20620,-0.20827,-0.21118,-0.21463,-0.21841,-0.22268,-0.22778,-0.23396,-0.24183,-0.25150,-0.26288,-0.27551,-0.28839,-0.30087,-0.31226,-0.32244,-0.33199,-0.34235,-0.35527,-0.37265,-0.39567,-0.42470,-0.45873,-0.49578,-0.53346,-0.56944,-0.60192,-0.62996,-0.65327,-0.67236,-0.68776,-0.70014,-0.71039,-0.71918,-0.72694,-0.73433,-0.74167,-0.74921,-0.75755,-0.76711,-0.77811,-0.79167,-0.80859,-0.83035,-0.85983,-0.90163,-0.96348,-1.0660,-1.2596,-1.6870,-2.4802,-3.0660,2.9575,2.8301,2.7579,2.7122,2.6809,2.6590,2.6426,2.6310,2.6225,2.6165,2.6122,2.6094,2.6073,2.6057,2.6041,2.6018,2.5994,2.5957,2.5913,2.5859,2.5797
2.6044,2.5975,2.5894,2.5801,2.5702,2.5610,2.5540,2.5512,2.5551,2.5678,2.5913,2.6273,2.6778,2.7438,2.8264,2.9258,3.0400,-3.1178,-2.9872,-2.8579,-2.7353,-2.6227,-2.5201,-2.4261,-2.3377,-2.2517,-2.1638,-2.0706,-1.9681,-1.8511,-1.7146,-1.5501,-1.3453,-1.0852,-0.76035,-0.39277,-0.041987,0.24177,0.45159,0.60313,0.71245,0.79220,0.85103,0.89515,0.92984,0.95950,0.98770,1.0175,1.0502,1.0864,1.1248,1.1635,1.2001,1.2324,1.2587,1.2777,1.2888,1.2914,1.2853,1.2702,1.2464,1.2135,1.1717,1.1214,1.0633,0.99837,0.92791,0.85390,0.77833,0.70311,0.63042,0.56169,0.49833,0.44102,0.39086,0.34787,0.31226,0.28417,0.26323,0.24912,0.24160,0.24013,0.24430,0.25384,0.26820,0.28691,0.30950,0.33538,0.36383,0.39383,0.42405,0.45341,0.48024,0.50322,0.52110,0.53312,0.53875,0.53795,0.53130,0.51950,0.50285,0.48233,0.45773,0.42894,0.39523,0.35613,0.31091,0.26006,0.20402,0.14447,0.083901,0.024677,-0.030384,-0.079500,-0.12099,-0.15420,-0.17941,-0.19711,-0.20831,-0.21445,-0.21665,-0.21630,-0.21478,-0.21276,-0.21134,-0.21101,-0.21192,-0.21406,-0.21713,-0.22076,-0.22452,-0.22835,-0.23236,-0.23693,-0.24267,-0.24997,-0.25912,-0.27009,-0.28212,-0.29460,-0.30650,-0.31743,-0.32724,-0.33702,-0.34824,-0.36279,-0.38239,-0.40816,-0.44040,-0.47729,-0.51708,-0.55689,-0.59435,-0.62804,-0.65681,-0.68073,-0.70039,-0.71631,-0.72926,-0.74030,-0.75002,-0.75903,-0.76797,-0.77751,-0.78792,-0.79980,-0.81387,-0.83111,-0.85262,-0.88077,-0.91839,-0.97053,-1.0473,-1.1681,-1.3760,-1.7601,-2.3559,-2.8764,3.1111,2.9488,2.8519,2.7890,2.7456,2.7142,2.6906,2.6729,2.6596,2.6497,2.6424,2.6372,2.6335,2.6310,2.6292,2.6275,2.6260,2.6240,2.6216,2.6185,2.6148,2.6101
2.6335,2.6278,2.6203,2.6110,2.6002,2.5894,2.5801,2.5750,2.5763,2.5865,2.6076,2.6416,2.6904,2.7557,2.8388,2.9401,3.0583,-3.0937,-2.9556,-2.8177,-2.6860,-2.5640,-2.4522,-2.3488,-2.2507,-2.1540,-2.0555,-1.9512,-1.8380,-1.7120,-1.5695,-1.4052,-1.2113,-0.97910,-0.70258,-0.39191,-0.080368,0.19326,0.41017,0.57322,0.69358,0.78187,0.84696,0.89579,0.93376,0.96618,0.99652,1.0277,1.0615,1.0978,1.1356,1.1728,1.2067,1.2354,1.2576,1.2722,1.2784,1.2760,1.2650,1.2450,1.2164,1.1790,1.1334,1.0797,1.0190,0.95241,0.88123,0.80777,0.73378,0.66127,0.59169,0.52667,0.46724,0.41402,0.36763,0.32826,0.29595,0.27080,0.25255,0.24078,0.23531,0.23580,0.24195,0.25317,0.26937,0.28987,0.31429,0.34203,0.37209,0.40339,0.43504,0.46531,0.49287,0.51621,0.53435,0.54617,0.55164,0.55066,0.54395,0.53190,0.51501,0.49362,0.46807,0.43756,0.40176,0.36018,0.31232,0.25865,0.20021,0.13883,0.077019,0.017222,-0.037937,-0.086637,-0.12761,-0.16025,-0.18473,-0.20195,-0.21266,-0.21846,-0.22042,-0.22008,-0.21877,-0.21734,-0.21687,-0.21748,-0.21964,-0.22300,-0.22703,-0.23142,-0.23570,-0.23949,-0.24323,-0.24747,-0.25261,-0.25940,-0.26808,-0.27851,-0.29012,-0.30191,-0.31334,-0.32388,-0.33366,-0.34380,-0.35609,-0.37260,-0.39486,-0.42379,-0.45939,-0.49969,-0.54217,-0.58423,-0.62346,-0.65835,-0.68815,-0.71302,-0.73338,-0.75000,-0.76393,-0.77610,-0.78701,-0.79797,-0.80910,-0.82140,-0.83549,-0.85229,-0.87260,-0.89841,-0.93172,-0.97555,-1.0363,-1.1234,-1.2543,-1.4642,-1.8058,-2.2797,-2.7309,-3.0359,3.0610,2.9429,2.8642,2.8084,2.7677,2.7371,2.7133,2.6949,2.6809,2.6700,2.6619,2.6560,2.6519,2.6491,2.6472,2.6461,2.6453,2.6444,2.6437,2.6422,2.6403,2.6376
2.6595,2.6552,2.6479,2.6382,2.6265,2.6136,2.6021,2.5945,2.5931,2.6007,2.6194,2.6517,2.6992,2.7644,2.8488,2.9534,3.0771,-3.0668,-2.9189,-2.7702,-2.6277,-2.4955,-2.3742,-2.2615,-2.1547,-2.0498,-1.9435,-1.8327,-1.7147,-1.5874,-1.4482,-1.2932,-1.1169,-0.91168,-0.67080,-0.39693,-0.10918,0.15915,0.38338,0.55740,0.68733,0.78293,0.85311,0.90569,0.94630,0.98047,1.0120,1.0438,1.0775,1.1131,1.1491,1.1832,1.2135,1.2380,1.2554,1.2648,1.2659,1.2585,1.2425,1.2178,1.1847,1.1434,1.0942,1.0380,0.97540,0.90784,0.83700,0.76453,0.69270,0.62308,0.55680,0.49531,0.43966,0.39006,0.34723,0.31113,0.28176,0.25916,0.24327,0.23372,0.23027,0.23276,0.24073,0.25381,0.27189,0.29417,0.32036,0.34974,0.38136,0.41409,0.44683,0.47794,0.50592,0.52944,0.54742,0.55898,0.56415,0.56287,0.55577,0.54313,0.52553,0.50330,0.47622,0.44395,0.40569,0.36157,0.31122,0.25516,0.19469,0.13184,0.069083,0.0090235,-0.045890,-0.094100,-0.13433,-0.16619,-0.19002,-0.20662,-0.21685,-0.22231,-0.22420,-0.22405,-0.22309,-0.22251,-0.22298,-0.22503,-0.22840,-0.23316,-0.23829,-0.24344,-0.24799,-0.25187,-0.25528,-0.25898,-0.26356,-0.26982,-0.27801,-0.28790,-0.29877,-0.31017,-0.32085,-0.33093,-0.34066,-0.35146,-0.36528,-0.38398,-0.40937,-0.44208,-0.48128,-0.52527,-0.57115,-0.61578,-0.65688,-0.69330,-0.72424,-0.75007,-0.77170,-0.78951,-0.80466,-0.81837,-0.83127,-0.84454,-0.85860,-0.87493,-0.89373,-0.91700,-0.94611,-0.98325,-1.0327,-1.0994,-1.1929,-1.3289,-1.5333,-1.8343,-2.2283,-2.6198,-2.9167,-3.1178,3.0311,2.9378,2.8706,2.8206,2.7824,2.7526,2.7292,2.7106,2.6959,2.6846,2.6761,2.6698,2.6654,2.6624,2.6609,2.6604,2.6604,2.6611,2.6619,2.6624,2.6626,2.6618
2.6821,2.6790,2.6721,2.6619,2.6487,2.6339,2.6200,2.6096,2.6055,2.6105,2.6272,2.6576,2.7044,2.7700,2.8565,2.9658,3.0973,-3.0360,-2.8754,-2.7135,-2.5589,-2.4158,-2.2856,-2.1653,-2.0519,-1.9417,-1.8317,-1.7195,-1.6030,-1.4807,-1.3505,-1.2091,-1.0514,-0.86951,-0.65546,-0.40614,-0.13300,0.13520,0.36862,0.55367,0.69294,0.79485,0.86943,0.92445,0.96676,1.0018,1.0334,1.0650,1.0975,1.1311,1.1639,1.1942,1.2199,1.2393,1.2515,1.2555,1.2513,1.2388,1.2179,1.1888,1.1517,1.1070,1.0550,0.99669,0.93295,0.86526,0.79527,0.72456,0.65511,0.58834,0.52534,0.46738,0.41505,0.36889,0.32908,0.29585,0.26915,0.24908,0.23534,0.22783,0.22646,0.23087,0.24079,0.25583,0.27564,0.29985,0.32773,0.35866,0.39164,0.42577,0.45935,0.49106,0.51936,0.54276,0.56041,0.57162,0.57613,0.57423,0.56638,0.55302,0.53442,0.51099,0.48226,0.44801,0.40755,0.36090,0.30808,0.24976,0.18759,0.12356,0.060280,0.00021250,-0.054318,-0.10171,-0.14111,-0.17214,-0.19526,-0.21122,-0.22118,-0.22640,-0.22822,-0.22841,-0.22810,-0.22836,-0.23005,-0.23353,-0.23854,-0.24471,-0.25112,-0.25691,-0.26172,-0.26548,-0.26858,-0.27155,-0.27548,-0.28107,-0.28859,-0.29760,-0.30790,-0.31827,-0.32824,-0.33794,-0.34775,-0.35939,-0.37488,-0.39650,-0.42556,-0.46244,-0.50613,-0.55414,-0.60349,-0.65105,-0.69458,-0.73269,-0.76552,-0.79272,-0.81548,-0.83492,-0.85195,-0.86771,-0.88313,-0.89965,-0.91773,-0.93886,-0.96436,-0.99604,-1.0365,-1.0895,-1.1602,-1.2573,-1.3938,-1.5875,-1.8563,-2.1912,-2.5327,-2.8143,-3.0211,3.1156,3.0102,2.9322,2.8734,2.8276,2.7917,2.7629,2.7398,2.7213,2.7065,2.6947,2.6858,2.6791,2.6744,2.6715,2.6703,2.6704,2.6716,2.6738,2.6763,2.6791,2.6813,2.6827
2.7014,2.6990,2.6926,2.6816,2.6668,2.6499,2.6334,2.6202,2.6134,2.6160,2.6306,2.6596,2.7060,2.7725,2.8623,2.9781,3.1198,-2.9998,-2.8234,-2.6460,-2.4781,-2.3248,-2.1872,-2.0618,-1.9452,-1.8339,-1.7247,-1.6158,-1.5054,-1.3920,-1.2739,-1.1474,-1.0071,-0.84498,-0.65128,-0.41901,-0.15367,0.11906,0.36461,0.56204,0.71016,0.81798,0.89586,0.95231,0.99506,1.0301,1.0608,1.0906,1.1208,1.1508,1.1795,1.2049,1.2251,1.2389,1.2452,1.2437,1.2342,1.2168,1.1914,1.1582,1.1177,1.0702,1.0161,0.95645,0.89241,0.82510,0.75632,0.68770,0.62066,0.55683,0.49711,0.44239,0.39313,0.34991,0.31285,0.28222,0.25797,0.24008,0.22852,0.22314,0.22380,0.23018,0.24211,0.25911,0.28086,0.30681,0.33650,0.36897,0.40321,0.43835,0.47279,0.50488,0.53328,0.55630,0.57330,0.58384,0.58758,0.58482,0.57603,0.56160,0.54186,0.51695,0.48643,0.45001,0.40723,0.35812,0.30299,0.24275,0.17910,0.11418,0.050565,-0.0091345,-0.063017,-0.10957,-0.14805,-0.17831,-0.20071,-0.21606,-0.22569,-0.23068,-0.23272,-0.23332,-0.23374,-0.23517,-0.23833,-0.24352,-0.25026,-0.25796,-0.26543,-0.27202,-0.27699,-0.28033,-0.28281,-0.28506,-0.28798,-0.29263,-0.29914,-0.30721,-0.31632,-0.32562,-0.33481,-0.34375,-0.35389,-0.36671,-0.38448,-0.40939,-0.44292,-0.48454,-0.53335,-0.58616,-0.63957,-0.69066,-0.73678,-0.77718,-0.81165,-0.84064,-0.86525,-0.88658,-0.90601,-0.92454,-0.94312,-0.96371,-0.98705,-1.0145,-1.0484,-1.0915,-1.1466,-1.2194,-1.3174,-1.4503,-1.6321,-1.8726,-2.1624,-2.4625,-2.7261,-2.9322,-3.0868,3.0811,2.9939,2.9263,2.8735,2.8312,2.7971,2.7695,2.7468,2.7282,2.7132,2.7011,2.6916,2.6845,2.6796,2.6768,2.6758,2.6767,2.6792,2.6829,2.6873,2.6923,2.6969,2.7001
2.7167,2.7153,2.7087,2.6968,2.6804,2.6612,2.6421,2.6262,2.6167,2.6171,2.6296,2.6574,2.7036,2.7720,2.8663,2.9905,-3.1378,-2.9564,-2.7603,-2.5652,-2.3838,-2.2225,-2.0802,-1.9537,-1.8379,-1.7295,-1.6254,-1.5235,-1.4221,-1.3201,-1.2151,-1.1032,-0.97873,-0.83324,-0.65554,-0.43561,-0.17274,0.10948,0.37090,0.58242,0.73982,0.85247,0.93221,0.98920,1.0314,1.0645,1.0930,1.1199,1.1460,1.1714,1.1947,1.2142,1.2282,1.2359,1.2365,1.2294,1.2149,1.1927,1.1632,1.1266,1.0831,1.0334,0.97802,0.91779,0.85379,0.78741,0.72034,0.65386,0.58961,0.52850,0.47174,0.41999,0.37357,0.33289,0.29830,0.26995,0.24783,0.23213,0.22279,0.21952,0.22228,0.23083,0.24482,0.26392,0.28756,0.31542,0.34666,0.38058,0.41616,0.45219,0.48708,0.51939,0.54745,0.56994,0.58627,0.59567,0.59846,0.59461,0.58460,0.56898,0.54791,0.52126,0.48869,0.45023,0.40510,0.35364,0.29636,0.23421,0.16926,0.10377,0.040102,-0.019138,-0.072180,-0.11782,-0.15535,-0.18465,-0.20635,-0.22132,-0.23059,-0.23558,-0.23786,-0.23892,-0.24052,-0.24326,-0.24807,-0.25525,-0.26382,-0.27304,-0.28171,-0.28871,-0.29354,-0.29638,-0.29791,-0.29897,-0.30080,-0.30407,-0.30928,-0.31589,-0.32354,-0.33141,-0.33938,-0.34811,-0.35838,-0.37269,-0.39322,-0.42212,-0.46045,-0.50816,-0.56270,-0.62097,-0.67924,-0.73403,-0.78325,-0.82625,-0.86296,-0.89413,-0.92110,-0.94503,-0.96700,-0.98912,-1.0121,-1.0374,-1.0671,-1.1029,-1.1470,-1.2035,-1.2768,-1.3730,-1.5009,-1.6697,-1.8850,-2.1388,-2.4052,-2.6488,-2.8511,-3.0100,-3.1328,3.0549,2.9799,2.9199,2.8716,2.8322,2.7997,2.7729,2.7506,2.7321,2.7169,2.7042,2.6942,2.6866,2.6814,2.6784,2.6778,2.6794,2.6830,2.6882,2.6949,2.7019,2.7088,2.7141
2.7282,2.7274,2.7206,2.7076,2.6893,2.6677,2.6460,2.6273,2.6154,2.6132,2.6240,2.6508,2.6974,2.7681,2.8683,3.0035,-3.1072,-2.9030,-2.6831,-2.4688,-2.2757,-2.1096,-1.9676,-1.8440,-1.7334,-1.6317,-1.5355,-1.4432,-1.3528,-1.2628,-1.1708,-1.0726,-0.96244,-0.83163,-0.66746,-0.45608,-0.19142,0.10626,0.38864,0.61652,0.78288,0.89913,0.97923,1.0350,1.0748,1.1047,1.1295,1.1516,1.1725,1.1917,1.2084,1.2211,1.2287,1.2300,1.2247,1.2123,1.1929,1.1665,1.1336,1.0941,1.0484,0.99735,0.94112,0.88067,0.81744,0.75240,0.68713,0.62306,0.56129,0.50304,0.44903,0.39970,0.35574,0.31742,0.28500,0.25882,0.23875,0.22519,0.21800,0.21696,0.22200,0.23280,0.24903,0.27027,0.29591,0.32548,0.35829,0.39360,0.43019,0.46700,0.50219,0.53437,0.56198,0.58366,0.59899,0.60728,0.60862,0.60362,0.59234,0.57533,0.55258,0.52427,0.48958,0.44877,0.40138,0.34761,0.28819,0.22429,0.15827,0.092233,0.028738,-0.029823,-0.081956,-0.12654,-0.16308,-0.19154,-0.21256,-0.22712,-0.23610,-0.24117,-0.24387,-0.24571,-0.24835,-0.25286,-0.25975,-0.26885,-0.27941,-0.29015,-0.29969,-0.30692,-0.31134,-0.31330,-0.31346,-0.31315,-0.31327,-0.31488,-0.31832,-0.32304,-0.32866,-0.33506,-0.34159,-0.34969,-0.36061,-0.37658,-0.40037,-0.43407,-0.47828,-0.53239,-0.59402,-0.65858,-0.72222,-0.78155,-0.83424,-0.88017,-0.91941,-0.95329,-0.98273,-1.0098,-1.0356,-1.0614,-1.0895,-1.1211,-1.1582,-1.2036,-1.2603,-1.3322,-1.4253,-1.5461,-1.7013,-1.8943,-2.1191,-2.3558,-2.5812,-2.7767,-2.9370,-3.0652,3.1157,3.0336,2.9672,2.9128,2.8683,2.8311,2.8001,2.7740,2.7523,2.7336,2.7178,2.7046,2.6939,2.6856,2.6798,2.6767,2.6764,2.6785,2.6832,2.6902,2.6986,2.7079,2.7170,2.7243
2.7356,2.7352,2.7280,2.7137,2.6934,2.6693,2.6448,2.6233,2.6087,2.6044,2.6133,2.6392,2.6864,2.7602,2.8681,3.0178,-3.0698,-2.8360,-2.5874,-2.3543,-2.1542,-1.9889,-1.8522,-1.7361,-1.6343,-1.5420,-1.4562,-1.3746,-1.2959,-1.2180,-1.1384,-1.0531,-0.95638,-0.83858,-0.68626,-0.48163,-0.21080,0.10938,0.41975,0.66666,0.84123,0.95886,1.0372,1.0896,1.1250,1.1499,1.1689,1.1847,1.1985,1.2104,1.2197,1.2251,1.2258,1.2209,1.2099,1.1924,1.1688,1.1390,1.1030,1.0611,1.0140,0.96217,0.90567,0.84591,0.78363,0.72011,0.65686,0.59499,0.53575,0.47992,0.42828,0.38138,0.33947,0.30322,0.27280,0.24848,0.23059,0.21910,0.21416,0.21558,0.22312,0.23633,0.25486,0.27828,0.30598,0.33735,0.37163,0.40827,0.44571,0.48301,0.51822,0.55009,0.57686,0.59762,0.61155,0.61848,0.61846,0.61195,0.59937,0.58066,0.55627,0.52589,0.48940,0.44625,0.39641,0.34025,0.27863,0.21322,0.14606,0.079690,0.016557,-0.041418,-0.092518,-0.13597,-0.17152,-0.19916,-0.21952,-0.23358,-0.24250,-0.24781,-0.25099,-0.25389,-0.25808,-0.26425,-0.27333,-0.28466,-0.29710,-0.30930,-0.31936,-0.32650,-0.33017,-0.33085,-0.32924,-0.32704,-0.32520,-0.32464,-0.32565,-0.32806,-0.33147,-0.33564,-0.34084,-0.34836,-0.35986,-0.37811,-0.40551,-0.44453,-0.49572,-0.55769,-0.62717,-0.69890,-0.76867,-0.83273,-0.88983,-0.93895,-0.98097,-1.0177,-1.0506,-1.0808,-1.1106,-1.1416,-1.1751,-1.2138,-1.2598,-1.3158,-1.3858,-1.4745,-1.5870,-1.7285,-1.9016,-2.1005,-2.3135,-2.5212,-2.7084,-2.8674,-2.9994,-3.1073,3.0878,3.0153,2.9554,2.9055,2.8638,2.8287,2.7990,2.7735,2.7517,2.7328,2.7166,2.7027,2.6911,2.6819,2.6756,2.6719,2.6716,2.6743,2.6801,2.6884,2.6989,2.7102,2.7213,2.7304
2.7386,2.7384,2.7306,2.7148,2.6922,2.6655,2.6381,2.6138,2.5965,2.5897,2.5968,2.6219,2.6699,2.7476,2.8652,3.0341,-3.0222,-2.7495,-2.4691,-2.2208,-2.0208,-1.8635,-1.7375,-1.6331,-1.5427,-1.4617,-1.3873,-1.3171,-1.2498,-1.1837,-1.1160,-1.0429,-0.95847,-0.85336,-0.71231,-0.51295,-0.23201,0.12043,0.46817,0.73632,0.91657,1.0323,1.1059,1.1521,1.1811,1.1987,1.2100,1.2176,1.2230,1.2263,1.2275,1.2252,1.2190,1.2078,1.1916,1.1698,1.1425,1.1097,1.0716,1.0283,0.98047,0.92823,0.87216,0.81310,0.75207,0.69038,0.62919,0.56967,0.51266,0.45900,0.40939,0.36449,0.32447,0.29000,0.26135,0.23897,0.22311,0.21400,0.21150,0.21551,0.22564,0.24144,0.26247,0.28819,0.31785,0.35089,0.38678,0.42428,0.46259,0.50011,0.53528,0.56638,0.59225,0.61174,0.62433,0.62959,0.62804,0.62000,0.60563,0.58552,0.55931,0.52699,0.48819,0.44263,0.39019,0.33151,0.26775,0.20060,0.13257,0.065910,0.0031576,-0.053954,-0.10395,-0.14640,-0.18092,-0.20763,-0.22742,-0.24112,-0.24999,-0.25557,-0.25956,-0.26358,-0.26947,-0.27780,-0.28916,-0.30279,-0.31704,-0.33027,-0.34076,-0.34732,-0.34970,-0.34851,-0.34494,-0.34038,-0.33594,-0.33273,-0.33102,-0.33069,-0.33143,-0.33314,-0.33664,-0.34348,-0.35553,-0.37608,-0.40797,-0.45329,-0.51237,-0.58334,-0.66183,-0.74200,-0.81868,-0.88831,-0.94952,-1.0021,-1.0477,-1.0874,-1.1237,-1.1580,-1.1922,-1.2283,-1.2685,-1.3145,-1.3696,-1.4372,-1.5205,-1.6244,-1.7526,-1.9067,-2.0841,-2.2758,-2.4670,-2.6449,-2.8019,-2.9353,-3.0474,-3.1410,3.0641,2.9988,2.9441,2.8977,2.8587,2.8252,2.7965,2.7716,2.7499,2.7306,2.7134,2.6986,2.6856,2.6755,2.6682,2.6640,2.6635,2.6666,2.6734,2.6832,2.6953,2.7086,2.7216,2.7323
2.7369,2.7369,2.7281,2.7106,2.6857,2.6561,2.6256,2.5982,2.5779,2.5686,2.5737,2.5975,2.6463,2.7286,2.8586,3.0535,-2.9589,-2.6355,-2.3225,-2.0692,-1.8798,-1.7380,-1.6276,-1.5372,-1.4598,-1.3909,-1.3281,-1.2693,-1.2133,-1.1582,-1.1020,-1.0406,-0.96854,-0.87601,-0.74622,-0.55252,-0.25667,0.14245,0.54032,0.82998,1.0111,1.1198,1.1847,1.2218,1.2413,1.2497,1.2512,1.2486,1.2442,1.2381,1.2305,1.2205,1.2076,1.1909,1.1699,1.1443,1.1141,1.0793,1.0397,0.99593,0.94772,0.89577,0.84053,0.78250,0.72299,0.66310,0.60377,0.54621,0.49135,0.43982,0.39211,0.34875,0.31044,0.27752,0.25065,0.23021,0.21651,0.20982,0.21004,0.21678,0.22980,0.24841,0.27200,0.29999,0.33172,0.36656,0.40361,0.44224,0.48104,0.51854,0.55322,0.58351,0.60818,0.62625,0.63705,0.64083,0.63765,0.62779,0.61181,0.58999,0.56197,0.52756,0.48629,0.43802,0.38287,0.32164,0.25547,0.18667,0.11765,0.050757,-0.011569,-0.067746,-0.11676,-0.15800,-0.19155,-0.21749,-0.23678,-0.25010,-0.25906,-0.26504,-0.26979,-0.27524,-0.28296,-0.29372,-0.30759,-0.32334,-0.33912,-0.35314,-0.36329,-0.36884,-0.36949,-0.36597,-0.35974,-0.35247,-0.34519,-0.33890,-0.33398,-0.33044,-0.32802,-0.32722,-0.32882,-0.33472,-0.34776,-0.37077,-0.40737,-0.45994,-0.52827,-0.60935,-0.69830,-0.78793,-0.87215,-0.94766,-1.0134,-1.0698,-1.1186,-1.1619,-1.2015,-1.2399,-1.2790,-1.3205,-1.3672,-1.4212,-1.4856,-1.5635,-1.6585,-1.7737,-1.9113,-2.0693,-2.2418,-2.4172,-2.5857,-2.7387,-2.8727,-2.9879,-3.0862,3.1141,3.0436,2.9840,2.9333,2.8900,2.8531,2.8212,2.7932,2.7687,2.7467,2.7268,2.7087,2.6925,2.6783,2.6668,2.6582,2.6533,2.6524,2.6558,2.6632,2.6742,2.6880,2.7030,2.7178,2.7298
2.7306,2.7303,2.7204,2.7009,2.6731,2.6404,2.6064,2.5756,2.5523,2.5399,2.5425,2.5647,2.6138,2.7013,2.8469,3.0786,-2.8700,-2.4823,-2.1458,-1.9040,-1.7368,-1.6165,-1.5246,-1.4498,-1.3858,-1.3293,-1.2779,-1.2301,-1.1849,-1.1408,-1.0954,-1.0456,-0.98556,-0.90620,-0.78970,-0.60252,-0.28727,0.18143,0.64700,0.95261,1.1251,1.2202,1.2716,1.2963,1.3042,1.3005,1.2902,1.2762,1.2605,1.2442,1.2278,1.2104,1.1913,1.1695,1.1447,1.1163,1.0842,1.0479,1.0079,0.96387,0.91610,0.86491,0.81068,0.75404,0.69614,0.63783,0.58054,0.52493,0.47182,0.42196,0.37594,0.33406,0.29714,0.26576,0.24064,0.22223,0.21093,0.20694,0.21002,0.21986,0.23592,0.25745,0.28369,0.31405,0.34789,0.38433,0.42262,0.46195,0.50098,0.53831,0.57240,0.60184,0.62499,0.64125,0.65042,0.65243,0.64756,0.63595,0.61830,0.59455,0.56448,0.52775,0.48397,0.43279,0.37453,0.31029,0.24176,0.17113,0.10113,0.034095,-0.027775,-0.083115,-0.13107,-0.17132,-0.20386,-0.22910,-0.24787,-0.26105,-0.26997,-0.27643,-0.28222,-0.28933,-0.29919,-0.31218,-0.32853,-0.34616,-0.36323,-0.37737,-0.38683,-0.39051,-0.38883,-0.38285,-0.37352,-0.36311,-0.35260,-0.34304,-0.33453,-0.32743,-0.32170,-0.31782,-0.31735,-0.32222,-0.33578,-0.36155,-0.40363,-0.46395,-0.54277,-0.63597,-0.73665,-0.83667,-0.92936,-1.0109,-1.0812,-1.1414,-1.1933,-1.2399,-1.2834,-1.3256,-1.3692,-1.4165,-1.4694,-1.5308,-1.6033,-1.6896,-1.7934,-1.9156,-2.0560,-2.2102,-2.3714,-2.5297,-2.6779,-2.8114,-2.9290,-3.0305,-3.1182,3.0899,3.0255,2.9705,2.9231,2.8826,2.8473,2.8167,2.7895,2.7650,2.7427,2.7219,2.7025,2.6846,2.6689,2.6555,2.6457,2.6397,2.6384,2.6418,2.6495,2.6617,2.6768,2.6935,2.7097,2.7230
2.7193,2.7184,2.7071,2.6851,2.6543,2.6179,2.5800,2.5456,2.5184,2.5024,2.5016,2.5211,2.5693,2.6615,2.8268,3.1133,-2.7362,-2.2759,-1.9426,-1.7332,-1.5978,-1.5026,-1.4302,-1.3713,-1.3209,-1.2762,-1.2358,-1.1985,-1.1637,-1.1299,-1.0953,-1.0570,-1.0099,-0.94480,-0.84394,-0.66764,-0.32841,0.25086,0.80320,1.1076,1.2569,1.3305,1.3640,1.3732,1.3663,1.3488,1.3248,1.2974,1.2698,1.2431,1.2180,1.1936,1.1691,1.1435,1.1159,1.0857,1.0525,1.0161,0.97633,0.93285,0.88580,0.83562,0.78267,0.72746,0.67110,0.61452,0.55893,0.50504,0.45355,0.40524,0.36047,0.31990,0.28433,0.25446,0.23120,0.21502,0.20634,0.20526,0.21158,0.22476,0.24409,0.26864,0.29778,0.33057,0.36628,0.40435,0.44380,0.48359,0.52277,0.55977,0.59296,0.62106,0.64275,0.65734,0.66470,0.66470,0.65800,0.64466,0.62529,0.59952,0.56726,0.52792,0.48109,0.42664,0.36494,0.29757,0.22644,0.15387,0.082753,0.015589,-0.045931,-0.10044,-0.14735,-0.18675,-0.21843,-0.24298,-0.26130,-0.27433,-0.28335,-0.29049,-0.29732,-0.30614,-0.31821,-0.33365,-0.35194,-0.37128,-0.38885,-0.40243,-0.41039,-0.41199,-0.40754,-0.39841,-0.38607,-0.37234,-0.35839,-0.34508,-0.33293,-0.32187,-0.31241,-0.30545,-0.30237,-0.30600,-0.31985,-0.34843,-0.39608,-0.46556,-0.55609,-0.66307,-0.77749,-0.88876,-0.99033,-1.0782,-1.1527,-1.2163,-1.2713,-1.3208,-1.3675,-1.4138,-1.4617,-1.5139,-1.5724,-1.6396,-1.7185,-1.8113,-1.9198,-2.0440,-2.1826,-2.3288,-2.4771,-2.6196,-2.7514,-2.8697,-2.9744,-3.0658,3.1377,3.0689,3.0094,2.9581,2.9139,2.8753,2.8417,2.8120,2.7853,2.7607,2.7376,2.7157,2.6948,2.6750,2.6573,2.6421,2.6307,2.6234,2.6213,2.6245,2.6325,2.6454,2.6617,2.6796,2.6971,2.7113
2.7026,2.7009,2.6877,2.6628,2.6284,2.5878,2.5457,2.5067,2.4750,2.4544,2.4488,2.4635,2.5083,2.6032,2.7928,-3.1142,-2.5208,-2.0111,-1.7256,-1.5667,-1.4677,-1.3985,-1.3454,-1.3017,-1.2641,-1.2306,-1.2006,-1.1734,-1.1484,-1.1247,-1.1009,-1.0744,-1.0409,-0.99232,-0.91147,-0.75410,-0.38954,0.38284,1.0261,1.2909,1.4006,1.4457,1.4575,1.4485,1.4249,1.3911,1.3516,1.3102,1.2700,1.2331,1.1999,1.1696,1.1410,1.1128,1.0837,1.0529,1.0199,0.98394,0.94493,0.90263,0.85702,0.80796,0.75626,0.70255,0.64757,0.59264,0.53864,0.48626,0.43625,0.38923,0.34567,0.30633,0.27208,0.24388,0.22253,0.20889,0.20313,0.20541,0.21521,0.23186,0.25461,0.28240,0.31440,0.34982,0.38747,0.42684,0.46712,0.50742,0.54650,0.58276,0.61508,0.64175,0.66177,0.67460,0.68001,0.67836,0.66965,0.65450,0.63308,0.60517,0.57045,0.52810,0.47794,0.41982,0.35441,0.28341,0.20928,0.13464,0.062421,-0.0050523,-0.066232,-0.12011,-0.16629,-0.20477,-0.23581,-0.25979,-0.27768,-0.29053,-0.29985,-0.30760,-0.31570,-0.32617,-0.34039,-0.35810,-0.37822,-0.39822,-0.41575,-0.42803,-0.43370,-0.43251,-0.42506,-0.41264,-0.39708,-0.37984,-0.36229,-0.34538,-0.32915,-0.31412,-0.30068,-0.28997,-0.28401,-0.28588,-0.30002,-0.33130,-0.38480,-0.46410,-0.56850,-0.69115,-0.82086,-0.94501,-1.0553,-1.1492,-1.2278,-1.2939,-1.3514,-1.4035,-1.4530,-1.5025,-1.5542,-1.6102,-1.6731,-1.7449,-1.8282,-1.9242,-2.0346,-2.1576,-2.2903,-2.4276,-2.5634,-2.6921,-2.8108,-2.9175,-3.0122,-3.0956,3.1143,3.0506,2.9954,2.9472,2.9056,2.8689,2.8367,2.8077,2.7810,2.7562,2.7320,2.7086,2.6858,2.6642,2.6441,2.6268,2.6133,2.6048,2.6014,2.6040,2.6123,2.6255,2.6424,2.6614,2.6799,2.6946
2.6803,2.6772,2.6616,2.6334,2.5945,2.5491,2.5019,2.4577,2.4203,2.3935,2.3807,2.3872,2.4234,2.5140,2.7304,-3.0049,-2.1631,-1.7073,-1.5133,-1.4126,-1.3497,-1.3050,-1.2698,-1.2402,-1.2143,-1.1916,-1.1713,-1.1537,-1.1382,-1.1245,-1.1115,-1.0973,-1.0786,-1.0495,-0.99496,-0.87177,-0.49308,0.66351,1.3140,1.4889,1.5461,1.5585,1.5464,1.5171,1.4753,1.4238,1.3677,1.3112,1.2587,1.2122,1.1724,1.1378,1.1068,1.0775,1.0485,1.0184,0.98643,0.95210,0.91453,0.87366,0.82938,0.78181,0.73127,0.67885,0.62543,0.57188,0.51919,0.46828,0.41954,0.37358,0.33129,0.29313,0.26035,0.23404,0.21507,0.20413,0.20162,0.20740,0.22091,0.24143,0.26785,0.29913,0.33406,0.37181,0.41143,0.45214,0.49315,0.53368,0.57242,0.60807,0.63916,0.66433,0.68276,0.69373,0.69727,0.69353,0.68286,0.66581,0.64222,0.61194,0.57421,0.52842,0.47439,0.41195,0.34214,0.26727,0.18993,0.11310,0.039629,-0.028306,-0.089316,-0.14270,-0.18829,-0.22611,-0.25658,-0.28024,-0.29781,-0.31060,-0.32018,-0.32858,-0.33787,-0.35013,-0.36625,-0.38560,-0.40667,-0.42686,-0.44302,-0.45336,-0.45637,-0.45197,-0.44128,-0.42558,-0.40669,-0.38616,-0.36506,-0.34409,-0.32384,-0.30449,-0.28672,-0.27203,-0.26270,-0.26243,-0.27594,-0.30975,-0.36956,-0.45995,-0.58002,-0.72116,-0.86819,-1.0058,-1.1250,-1.2238,-1.3052,-1.3736,-1.4329,-1.4867,-1.5383,-1.5899,-1.6443,-1.7034,-1.7693,-1.8442,-1.9297,-2.0270,-2.1363,-2.2555,-2.3818,-2.5093,-2.6343,-2.7519,-2.8599,-2.9573,-3.0443,-3.1211,3.0944,3.0349,2.9832,2.9378,2.8983,2.8634,2.8320,2.8035,2.7770,2.7512,2.7259,2.7007,2.6759,2.6515,2.6291,2.6094,2.5940,2.5836,2.5790,2.5809,2.5886,2.6021,2.6193,2.6387,2.6577,2.6727
2.6518,2.6469,2.6282,2.5957,2.5518,2.5009,2.4476,2.3971,2.3526,2.3174,2.2940,2.2863,2.3036,2.3713,2.5970,-2.6861,-1.6567,-1.4129,-1.3225,-1.2755,-1.2449,-1.2218,-1.2026,-1.1858,-1.1708,-1.1579,-1.1469,-1.1383,-1.1321,-1.1283,-1.1264,-1.1251,-1.1230,-1.1163,-1.0960,-1.0333,-0.71533,1.2644,1.6223,1.6787,1.6813,1.6607,1.6245,1.5745,1.5130,1.4426,1.3686,1.2973,1.2331,1.1791,1.1345,1.0979,1.0666,1.0381,1.0106,0.98255,0.95283,0.92033,0.88485,0.84579,0.80296,0.75664,0.70742,0.65618,0.60390,0.55164,0.50030,0.45054,0.40320,0.35841,0.31718,0.28053,0.24938,0.22525,0.20896,0.20111,0.20212,0.21182,0.22943,0.25391,0.28413,0.31887,0.35681,0.39704,0.43844,0.48032,0.52190,0.56253,0.60092,0.63581,0.66561,0.68941,0.70612,0.71497,0.71669,0.71098,0.69825,0.67907,0.65292,0.61993,0.57870,0.52913,0.47030,0.40303,0.32842,0.24916,0.16833,0.089039,0.014092,-0.054462,-0.11560,-0.16881,-0.21407,-0.25160,-0.28178,-0.30513,-0.32245,-0.33513,-0.34495,-0.35408,-0.36447,-0.37804,-0.39560,-0.41602,-0.43721,-0.45644,-0.47063,-0.47810,-0.47773,-0.47023,-0.45618,-0.43727,-0.41525,-0.39137,-0.36679,-0.34194,-0.31750,-0.29358,-0.27121,-0.25188,-0.23858,-0.23547,-0.24795,-0.28370,-0.34991,-0.45269,-0.59084,-0.75365,-0.92061,-1.0721,-1.1992,-1.3022,-1.3852,-1.4544,-1.5144,-1.5689,-1.6216,-1.6748,-1.7309,-1.7916,-1.8594,-1.9355,-2.0216,-2.1185,-2.2252,-2.3396,-2.4589,-2.5781,-2.6938,-2.8019,-2.9014,-2.9912,-3.0715,3.1403,3.0771,3.0216,2.9730,2.9300,2.8924,2.8586,2.8282,2.7999,2.7728,2.7463,2.7195,2.6922,2.6648,2.6378,2.6127,2.5905,2.5729,2.5604,2.5544,2.5550,2.5619,2.5748,2.5921,2.6116,2.6306,2.6454
2.6172,2.6095,2.5868,2.5493,2.4995,2.4420,2.3817,2.3232,2.2697,2.2231,2.1841,2.1534,2.1331,2.1301,2.2014,-1.3639,-1.1890,-1.1680,-1.1611,-1.1568,-1.1527,-1.1481,-1.1427,-1.1373,-1.1322,-1.1283,-1.1261,-1.1261,-1.1290,-1.1352,-1.1444,-1.1571,-1.1731,-1.1925,-1.2172,-1.2534,-1.3916,1.9563,1.8826,1.8388,1.7950,1.7450,1.6856,1.6147,1.5325,1.4421,1.3503,1.2647,1.1912,1.1321,1.0862,1.0502,1.0210,0.99540,0.97108,0.94614,0.91921,0.88955,0.85614,0.81880,0.77745,0.73219,0.68415,0.63390,0.58255,0.53149,0.48145,0.43298,0.38673,0.34327,0.30355,0.26852,0.23948,0.21778,0.20449,0.20014,0.20507,0.21890,0.24070,0.26949,0.30385,0.34217,0.38309,0.42562,0.46881,0.51164,0.55386,0.59456,0.63239,0.66647,0.69523,0.71736,0.73240,0.73959,0.73910,0.73135,0.71631,0.69452,0.66582,0.62917,0.58405,0.52975,0.46557,0.39288,0.31282,0.22878,0.14404,0.062039,-0.014563,-0.084157,-0.14572,-0.19911,-0.24454,-0.28199,-0.31215,-0.33551,-0.35254,-0.36533,-0.37527,-0.38478,-0.39605,-0.41074,-0.42886,-0.44939,-0.46955,-0.48646,-0.49783,-0.50191,-0.49821,-0.48730,-0.47004,-0.44828,-0.42315,-0.39626,-0.36809,-0.33934,-0.31050,-0.28170,-0.25430,-0.22995,-0.21200,-0.20495,-0.21586,-0.25294,-0.32572,-0.44242,-0.60258,-0.79073,-0.97965,-1.1452,-1.2791,-1.3838,-1.4670,-1.5352,-1.5945,-1.6490,-1.7019,-1.7555,-1.8123,-1.8740,-1.9421,-2.0186,-2.1042,-2.1989,-2.3025,-2.4122,-2.5247,-2.6364,-2.7440,-2.8445,-2.9366,-3.0200,-3.0948,3.1219,3.0629,3.0107,2.9648,2.9241,2.8879,2.8551,2.8252,2.7968,2.7691,2.7412,2.7126,2.6830,2.6529,2.6231,2.5952,2.5702,2.5499,2.5354,2.5275,2.5266,2.5324,2.5443,2.5609,2.5799,2.5983,2.6121
2.5754,2.5643,2.5368,2.4931,2.4364,2.3712,2.3026,2.2349,2.1699,2.1079,2.0469,1.9802,1.8931,1.7263,1.0018,-0.59030,-0.88636,-0.98152,-1.0284,-1.0553,-1.0719,-1.0822,-1.0890,-1.0936,-1.0975,-1.1018,-1.1077,-1.1162,-1.1280,-1.1440,-1.1650,-1.1921,-1.2277,-1.2771,-1.3564,-1.5358,-2.5289,2.3040,2.0645,1.9586,1.8799,1.8046,1.7233,1.6311,1.5274,1.4166,1.3076,1.2106,1.1314,1.0713,1.0275,0.99577,0.97108,0.95026,0.93031,0.90961,0.88612,0.85941,0.82832,0.79251,0.75244,0.70823,0.66082,0.61147,0.56133,0.51133,0.46226,0.41521,0.37030,0.32844,0.29042,0.25740,0.23085,0.21214,0.20218,0.20181,0.21095,0.22923,0.25573,0.28890,0.32726,0.36920,0.41319,0.45789,0.50270,0.54669,0.58933,0.63000,0.66754,0.70088,0.72841,0.74924,0.76247,0.76783,0.76524,0.75506,0.73759,0.71272,0.68052,0.64008,0.59024,0.53036,0.46016,0.38112,0.29496,0.20565,0.11682,0.031691,-0.046936,-0.11783,-0.18048,-0.23450,-0.28051,-0.31843,-0.34881,-0.37206,-0.38916,-0.40189,-0.41181,-0.42153,-0.43317,-0.44796,-0.46573,-0.48483,-0.50283,-0.51684,-0.52454,-0.52488,-0.51762,-0.50343,-0.48337,-0.45889,-0.43099,-0.40112,-0.36953,-0.33673,-0.30338,-0.26956,-0.23649,-0.20645,-0.18294,-0.17132,-0.17936,-0.21691,-0.29662,-0.42936,-0.61594,-0.83511,-1.0486,-1.2271,-1.3645,-1.4684,-1.5493,-1.6155,-1.6730,-1.7260,-1.7783,-1.8316,-1.8880,-1.9494,-2.0177,-2.0932,-2.1775,-2.2702,-2.3701,-2.4749,-2.5817,-2.6867,-2.7875,-2.8812,-2.9670,-3.0446,-3.1143,3.1069,3.0514,3.0023,2.9587,2.9198,2.8849,2.8529,2.8231,2.7943,2.7657,2.7362,2.7055,2.6734,2.6403,2.6074,2.5764,2.5486,2.5258,2.5090,2.4990,2.4961,2.5001,2.5107,2.5259,2.5437,2.5608,2.5729
2.5266,2.5108,2.4775,2.4266,2.3616,2.2876,2.2097,2.1307,2.0518,1.9704,1.8796,1.7641,1.5816,1.1995,0.33614,-0.40565,-0.70486,-0.84299,-0.92011,-0.96818,-1.0005,-1.0232,-1.0400,-1.0532,-1.0652,-1.0773,-1.0908,-1.1072,-1.1277,-1.1536,-1.1863,-1.2284,-1.2849,-1.3670,-1.5087,-1.8490,-2.9625,2.4451,2.1729,2.0336,1.9302,1.8335,1.7311,1.6166,1.4903,1.3596,1.2367,1.1330,1.0539,0.99848,0.96089,0.93602,0.91836,0.90393,0.88970,0.87363,0.85414,0.83024,0.80124,0.76701,0.72768,0.68414,0.63739,0.58863,0.53939,0.49040,0.44298,0.39738,0.35411,0.31400,0.27816,0.24766,0.22396,0.20859,0.20259,0.20647,0.22015,0.24326,0.27446,0.31226,0.35493,0.40048,0.44739,0.49445,0.54079,0.58578,0.62897,0.66975,0.70708,0.73958,0.76614,0.78561,0.79704,0.80041,0.79558,0.78283,0.76231,0.73407,0.69794,0.65242,0.59685,0.53063,0.45351,0.36745,0.27464,0.17950,0.086205,-0.0024627,-0.083625,-0.15650,-0.22068,-0.27615,-0.32309,-0.36193,-0.39280,-0.41605,-0.43324,-0.44556,-0.45511,-0.46447,-0.47569,-0.48949,-0.50565,-0.52225,-0.53682,-0.54684,-0.55058,-0.54713,-0.53656,-0.51939,-0.49671,-0.46972,-0.43946,-0.40674,-0.37176,-0.33498,-0.29671,-0.25739,-0.21817,-0.18152,-0.15152,-0.13419,-0.13808,-0.17522,-0.26172,-0.41352,-0.63400,-0.89130,-1.1309,-1.3184,-1.4555,-1.5555,-1.6317,-1.6939,-1.7486,-1.7996,-1.8499,-1.9023,-1.9581,-2.0187,-2.0860,-2.1606,-2.2433,-2.3333,-2.4297,-2.5300,-2.6316,-2.7308,-2.8252,-2.9130,-2.9931,-3.0654,-3.1303,3.0948,3.0428,2.9964,2.9549,2.9175,2.8836,2.8520,2.8221,2.7927,2.7626,2.7313,2.6982,2.6632,2.6270,2.5911,2.5570,2.5263,2.5008,2.4811,2.4689,2.4638,2.4659,2.4741,2.4874,2.5033,2.5181,2.5275
2.4709,2.4491,2.4084,2.3492,2.2751,2.1913,2.1025,2.0108,1.9156,1.8112,1.6854,1.5137,1.2404,0.76868,0.13944,-0.33041,-0.59066,-0.73927,-0.83167,-0.89339,-0.93692,-0.96931,-0.99428,-1.0152,-1.0343,-1.0532,-1.0740,-1.0980,-1.1268,-1.1623,-1.2068,-1.2640,-1.3416,-1.4570,-1.6620,-2.1402,3.1376,2.4909,2.2213,2.0642,1.9413,1.8245,1.7003,1.5622,1.4139,1.2666,1.1360,1.0338,0.96207,0.91581,0.88888,0.87398,0.86494,0.85799,0.85002,0.83894,0.82305,0.80185,0.77455,0.74141,0.70271,0.65955,0.61321,0.56514,0.51688,0.46920,0.42323,0.37933,0.33810,0.30026,0.26707,0.23953,0.21933,0.20791,0.20609,0.21457,0.23316,0.26128,0.29763,0.34007,0.38704,0.43639,0.48622,0.53545,0.58336,0.62952,0.67337,0.71441,0.75149,0.78361,0.80927,0.82736,0.83724,0.83855,0.83091,0.81518,0.79114,0.75891,0.71745,0.66632,0.60411,0.53031,0.44541,0.35142,0.25139,0.15008,0.051627,-0.040832,-0.12538,-0.20082,-0.26713,-0.32462,-0.37321,-0.41325,-0.44479,-0.46837,-0.48524,-0.49694,-0.50565,-0.51376,-0.52319,-0.53486,-0.54808,-0.56087,-0.57109,-0.57674,-0.57604,-0.56903,-0.55534,-0.53547,-0.51062,-0.48165,-0.44893,-0.41366,-0.37538,-0.33447,-0.29103,-0.24573,-0.19962,-0.15546,-0.11772,-0.092883,-0.091012,-0.12638,-0.21973,-0.39544,-0.66053,-0.96559,-1.2306,-1.4216,-1.5523,-1.6443,-1.7137,-1.7703,-1.8208,-1.8688,-1.9172,-1.9676,-2.0222,-2.0820,-2.1480,-2.2213,-2.3022,-2.3896,-2.4828,-2.5792,-2.6759,-2.7695,-2.8584,-2.9405,-3.0153,-3.0826,3.1399,3.0856,3.0368,2.9929,2.9532,2.9171,2.8839,2.8524,2.8222,2.7917,2.7601,2.7266,2.6908,2.6527,2.6135,2.5742,2.5370,2.5034,2.4750,2.4530,2.4380,2.4302,2.4296,2.4356,2.4460,2.4587,2.4706,2.4762
2.4082,2.3793,2.3300,2.2612,2.1770,2.0824,1.9821,1.8768,1.7636,1.6347,1.4743,1.2551,0.93687,0.50320,0.051700,-0.29058,-0.51439,-0.65985,-0.75838,-0.82798,-0.87952,-0.91911,-0.95100,-0.97832,-1.0036,-1.0288,-1.0560,-1.0869,-1.1237,-1.1683,-1.2239,-1.2954,-1.3929,-1.5399,-1.8030,-2.3755,3.0136,2.4780,2.2155,2.0462,1.9062,1.7687,1.6208,1.4593,1.2924,1.1373,1.0101,0.91861,0.86086,0.82929,0.81530,0.81171,0.81250,0.81345,0.81188,0.80545,0.79307,0.77398,0.74803,0.71536,0.67686,0.63387,0.58787,0.54045,0.49332,0.44720,0.40316,0.36143,0.32256,0.28757,0.25748,0.23355,0.21735,0.21031,0.21321,0.22677,0.25057,0.28398,0.32554,0.37304,0.42427,0.47720,0.53016,0.58161,0.63121,0.67852,0.72337,0.76484,0.80206,0.83380,0.85871,0.87550,0.88343,0.88221,0.87178,0.85243,0.82416,0.78687,0.73956,0.68160,0.61163,0.52926,0.43570,0.33271,0.22488,0.11687,0.012712,-0.084463,-0.17266,-0.25152,-0.32091,-0.38097,-0.43178,-0.47332,-0.50553,-0.52930,-0.54543,-0.55586,-0.56277,-0.56849,-0.57494,-0.58293,-0.59189,-0.59982,-0.60523,-0.60626,-0.60155,-0.59102,-0.57458,-0.55270,-0.52600,-0.49511,-0.46063,-0.42257,-0.38107,-0.33585,-0.28702,-0.23515,-0.18124,-0.12830,-0.080853,-0.046671,-0.036612,-0.068171,-0.16851,-0.37526,-0.70361,-1.0699,-1.3539,-1.5370,-1.6542,-1.7341,-1.7940,-1.8439,-1.8894,-1.9337,-1.9794,-2.0281,-2.0811,-2.1395,-2.2047,-2.2765,-2.3557,-2.4412,-2.5313,-2.6236,-2.7156,-2.8041,-2.8877,-2.9644,-3.0341,-3.0968,3.1300,3.0793,3.0333,2.9917,2.9537,2.9186,2.8858,2.8543,2.8233,2.7916,2.7583,2.7222,2.6836,2.6422,2.5996,2.5571,2.5169,2.4803,2.4493,2.4244,2.4068,2.3962,2.3926,2.3952,2.4023,2.4113,2.4189,2.4199
2.3397,2.3018,2.2430,2.1636,2.0684,1.9632,1.8507,1.7316,1.6010,1.4492,1.2614,1.0173,0.70293,0.34139,0.0010812,-0.26692,-0.46008,-0.59731,-0.69662,-0.77042,-0.82702,-0.87186,-0.90905,-0.94148,-0.97191,-1.0025,-1.0352,-1.0725,-1.1161,-1.1688,-1.2344,-1.3181,-1.4322,-1.6047,-1.9152,-2.5547,2.8904,2.4095,2.1514,1.9708,1.8129,1.6537,1.4828,1.3034,1.1295,0.98059,0.86926,0.79761,0.75829,0.74359,0.74397,0.75229,0.76272,0.77151,0.77566,0.77345,0.76393,0.74642,0.72102,0.68859,0.64988,0.60680,0.56116,0.51482,0.46885,0.42475,0.38291,0.34375,0.30804,0.27638,0.24994,0.23013,0.21844,0.21620,0.22427,0.24327,0.27275,0.31178,0.35868,0.41122,0.46698,0.52361,0.57938,0.63348,0.68494,0.73363,0.77963,0.82195,0.85963,0.89124,0.91517,0.93069,0.93649,0.93245,0.91861,0.89511,0.86164,0.81832,0.76395,0.69782,0.61915,0.52711,0.42361,0.31120,0.19472,0.079090,-0.031217,-0.13373,-0.22667,-0.30970,-0.38287,-0.44616,-0.49918,-0.54216,-0.57512,-0.59829,-0.61317,-0.62138,-0.62511,-0.62720,-0.62939,-0.63258,-0.63617,-0.63878,-0.63914,-0.63560,-0.62725,-0.61386,-0.59521,-0.57156,-0.54354,-0.51108,-0.47493,-0.43457,-0.38968,-0.34008,-0.28548,-0.22602,-0.16299,-0.099254,-0.040213,0.0064984,0.028077,0.0039091,-0.10310,-0.35420,-0.78236,-1.2207,-1.5049,-1.6646,-1.7597,-1.8234,-1.8724,-1.9142,-1.9541,-1.9948,-2.0375,-2.0841,-2.1356,-2.1930,-2.2569,-2.3276,-2.4051,-2.4881,-2.5754,-2.6638,-2.7515,-2.8351,-2.9134,-2.9848,-3.0496,-3.1078,3.1230,3.0756,3.0323,2.9928,2.9563,2.9220,2.8895,2.8577,2.8257,2.7925,2.7568,2.7182,2.6764,2.6319,2.5862,2.5403,2.4971,2.4578,2.4242,2.3967,2.3760,2.3626,2.3556,2.3543,2.3574,2.3618,2.3640,2.3585
2.2665,2.2188,2.1489,2.0583,1.9521,1.8358,1.7120,1.5798,1.4339,1.2650,1.0620,0.81606,0.53116,0.23503,-0.033580,-0.25216,-0.42017,-0.54706,-0.64397,-0.71880,-0.77813,-0.82639,-0.86729,-0.90374,-0.93829,-0.97318,-1.0105,-1.0527,-1.1019,-1.1609,-1.2335,-1.3256,-1.4499,-1.6373,-1.9786,-2.6982,2.7234,2.2664,2.0116,1.8215,1.6474,1.4704,1.2860,1.1043,0.94238,0.81613,0.73002,0.68148,0.66249,0.66407,0.67795,0.69743,0.71687,0.73253,0.74188,0.74287,0.73531,0.71867,0.69347,0.66031,0.62146,0.57836,0.53327,0.48796,0.44388,0.40213,0.36292,0.32700,0.29477,0.26693,0.24487,0.22971,0.22301,0.22609,0.23994,0.26475,0.30012,0.34522,0.39774,0.45531,0.51546,0.57613,0.63489,0.69161,0.74528,0.79591,0.84339,0.88681,0.92482,0.95631,0.97956,0.99317,0.99681,0.98949,0.97157,0.94291,0.90350,0.85297,0.79032,0.71526,0.62619,0.52335,0.40891,0.28605,0.16009,0.036303,-0.081162,-0.18966,-0.28812,-0.37629,-0.45343,-0.51985,-0.57544,-0.61946,-0.65230,-0.67417,-0.68638,-0.69125,-0.69088,-0.68801,-0.68459,-0.68207,-0.68008,-0.67712,-0.67282,-0.66541,-0.65373,-0.63819,-0.61769,-0.59280,-0.56382,-0.53063,-0.49278,-0.45047,-0.40254,-0.34825,-0.28728,-0.21942,-0.14553,-0.068463,0.0063185,0.069983,0.10884,0.098744,-0.011416,-0.33466,-0.94007,-1.4413,-1.6836,-1.8009,-1.8672,-1.9115,-1.9478,-1.9814,-2.0154,-2.0516,-2.0918,-2.1364,-2.1867,-2.2428,-2.3057,-2.3752,-2.4511,-2.5320,-2.6162,-2.7010,-2.7841,-2.8627,-2.9359,-3.0023,-3.0623,-3.1160,3.1186,3.0744,3.0337,2.9961,2.9609,2.9273,2.8947,2.8624,2.8292,2.7942,2.7562,2.7147,2.6697,2.6220,2.5730,2.5244,2.4783,2.4364,2.4001,2.3701,2.3469,2.3300,2.3194,2.3141,2.3124,2.3114,2.3071,2.2944
2.1911,2.1323,2.0504,1.9482,1.8309,1.7040,1.5697,1.4262,1.2688,1.0902,0.88462,0.65188,0.40280,0.15835,-0.060299,-0.24301,-0.38980,-0.50619,-0.59816,-0.67188,-0.73205,-0.78207,-0.82518,-0.86425,-0.90169,-0.93936,-0.97974,-1.0252,-1.0778,-1.1400,-1.2154,-1.3090,-1.4316,-1.6128,-1.9566,-2.8396,2.4272,2.0057,1.7702,1.5837,1.4064,1.2285,1.0531,0.89288,0.76044,0.66445,0.60602,0.57928,0.57797,0.59399,0.61959,0.64864,0.67564,0.69679,0.71011,0.71355,0.70689,0.69023,0.66428,0.63065,0.59118,0.54832,0.50398,0.46034,0.41850,0.37948,0.34365,0.31132,0.28312,0.25977,0.24252,0.23257,0.23148,0.24044,0.26033,0.29143,0.33332,0.38448,0.44289,0.50591,0.57074,0.63515,0.69730,0.75683,0.81296,0.86575,0.91486,0.95950,0.99841,1.0296,1.0517,1.0634,1.0642,1.0531,1.0303,0.99586,0.94927,0.89057,0.81860,0.73290,0.63226,0.51775,0.39109,0.25687,0.12061,-0.012226,-0.13768,-0.25336,-0.35770,-0.45100,-0.53265,-0.60200,-0.65903,-0.70341,-0.73464,-0.75390,-0.76257,-0.76275,-0.75696,-0.74821,-0.73890,-0.73042,-0.72288,-0.71525,-0.70656,-0.69571,-0.68180,-0.66414,-0.64292,-0.61768,-0.58817,-0.55448,-0.51601,-0.47180,-0.42108,-0.36216,-0.29423,-0.21634,-0.12885,-0.034107,0.062194,0.15099,0.21817,0.23643,0.13877,-0.32424,-1.2951,-1.7410,-1.8825,-1.9409,-1.9733,-1.9975,-2.0202,-2.0448,-2.0731,-2.1055,-2.1429,-2.1859,-2.2347,-2.2900,-2.3519,-2.4204,-2.4945,-2.5731,-2.6541,-2.7350,-2.8135,-2.8873,-2.9553,-3.0169,-3.0721,-3.1217,3.1165,3.0754,3.0372,3.0014,2.9673,2.9342,2.9017,2.8685,2.8339,2.7968,2.7562,2.7118,2.6637,2.6128,2.5609,2.5095,2.4611,2.4169,2.3785,2.3457,2.3197,2.2999,2.2857,2.2759,2.2691,2.2619,2.2503,2.2290
2.1161,2.0451,1.9507,1.8358,1.7075,1.5705,1.4268,1.2749,1.1104,0.92927,0.73042,0.51798,0.30295,0.099038,-0.082892,-0.23787,-0.36652,-0.47162,-0.55791,-0.62887,-0.68792,-0.73827,-0.78221,-0.82225,-0.86089,-0.89969,-0.94127,-0.98740,-1.0402,-1.1011,-1.1720,-1.2552,-1.3556,-1.4884,-1.7314,3.0851,1.8344,1.5895,1.4252,1.2735,1.1217,0.97128,0.82806,0.70335,0.60581,0.53954,0.50395,0.49541,0.50781,0.53516,0.57006,0.60635,0.63921,0.66448,0.68011,0.68484,0.67805,0.66045,0.63365,0.59899,0.55936,0.51675,0.47375,0.43211,0.39316,0.35736,0.32529,0.29709,0.27352,0.25513,0.24318,0.23904,0.24397,0.25946,0.28595,0.32387,0.37248,0.43030,0.49487,0.56324,0.63284,0.70116,0.76678,0.82935,0.88820,0.94368,0.99475,1.0405,1.0797,1.1106,1.1313,1.1405,1.1379,1.1225,1.0943,1.0534,0.99894,0.93088,0.84870,0.75114,0.63790,0.50983,0.36980,0.22314,0.075209,-0.067861,-0.20173,-0.32506,-0.43596,-0.53410,-0.61924,-0.69063,-0.74770,-0.79037,-0.81906,-0.83424,-0.83781,-0.83228,-0.82055,-0.80581,-0.79072,-0.77686,-0.76418,-0.75256,-0.74065,-0.72713,-0.71158,-0.69334,-0.67177,-0.64674,-0.61775,-0.58436,-0.54559,-0.50064,-0.44749,-0.38422,-0.30867,-0.21879,-0.11324,0.0061207,0.13533,0.26522,0.38350,0.47046,0.46943,-0.42533,-1.9872,-2.0758,-2.0824,-2.0783,-2.0759,-2.0793,-2.0891,-2.1054,-2.1278,-2.1570,-2.1918,-2.2331,-2.2809,-2.3353,-2.3962,-2.4635,-2.5357,-2.6117,-2.6896,-2.7664,-2.8402,-2.9091,-2.9722,-3.0288,-3.0796,-3.1251,3.1167,3.0786,3.0427,3.0086,2.9756,2.9429,2.9100,2.8758,2.8397,2.8004,2.7572,2.7099,2.6587,2.6048,2.5503,2.4968,2.4463,2.4002,2.3596,2.3248,2.2965,2.2736,2.2558,2.2415,2.2292,2.2154,2.1957,2.1649
2.0441,1.9595,1.8515,1.7238,1.5841,1.4376,1.2860,1.1279,0.96086,0.78292,0.59655,0.40676,0.22166,0.049869,-0.10324,-0.23570,-0.34820,-0.44274,-0.52224,-0.58887,-0.64565,-0.69450,-0.73753,-0.77717,-0.81491,-0.85280,-0.89285,-0.93631,-0.98425,-1.0371,-1.0932,-1.1486,-1.1933,-1.1961,-0.98479,0.59653,1.1009,1.1189,1.0562,0.96439,0.85825,0.74810,0.64444,0.55499,0.48687,0.44389,0.42581,0.43016,0.45287,0.48800,0.52931,0.57081,0.60741,0.63499,0.65160,0.65606,0.64823,0.62944,0.60102,0.56556,0.52568,0.48410,0.44284,0.40393,0.36826,0.33627,0.30839,0.28490,0.26631,0.25337,0.24730,0.24945,0.26111,0.28341,0.31722,0.36248,0.41829,0.48301,0.55406,0.62784,0.70219,0.77471,0.84391,0.90961,0.97152,1.0293,1.0822,1.1292,1.1683,1.1977,1.2165,1.2229,1.2165,1.1964,1.1626,1.1141,1.0515,0.97346,0.87970,0.76938,0.64196,0.49925,0.34434,0.18353,0.022734,-0.13132,-0.27492,-0.40566,-0.52221,-0.62444,-0.71127,-0.78250,-0.83762,-0.87710,-0.90079,-0.91109,-0.90874,-0.89703,-0.87955,-0.85925,-0.83904,-0.82065,-0.80454,-0.78951,-0.77534,-0.76081,-0.74452,-0.72623,-0.70546,-0.68153,-0.65398,-0.62193,-0.58440,-0.53970,-0.48557,-0.41846,-0.33487,-0.23038,-0.099891,0.058597,0.24442,0.45190,0.67782,0.94561,1.4471,3.0161,-2.5739,-2.3667,-2.2639,-2.2051,-2.1721,-2.1567,-2.1544,-2.1630,-2.1803,-2.2059,-2.2389,-2.2787,-2.3257,-2.3792,-2.4393,-2.5046,-2.5751,-2.6483,-2.7224,-2.7950,-2.8643,-2.9283,-2.9864,-3.0384,-3.0847,-3.1263,3.1189,3.0835,3.0499,3.0174,2.9854,2.9529,2.9196,2.8845,2.8465,2.8049,2.7589,2.7087,2.6549,2.5986,2.5419,2.4867,2.4347,2.3872,2.3453,2.3088,2.2781,2.2524,2.2310,2.2126,2.1944,2.1738,2.1458,2.1047
1.9772,1.8781,1.7549,1.6136,1.4619,1.3060,1.1477,0.98599,0.82026,0.65042,0.47923,0.31152,0.15264,0.0070561,-0.12266,-0.23622,-0.33422,-0.41832,-0.49020,-0.55180,-0.60474,-0.65060,-0.69125,-0.72826,-0.76320,-0.79757,-0.83273,-0.86914,-0.90622,-0.94179,-0.97002,-0.97613,-0.92871,-0.74622,-0.25255,0.38147,0.68424,0.77093,0.76733,0.72169,0.65576,0.58169,0.50974,0.44770,0.40150,0.37501,0.36906,0.38241,0.41158,0.45190,0.49707,0.54144,0.57963,0.60779,0.62378,0.62683,0.61729,0.59635,0.56655,0.53031,0.49073,0.45046,0.41169,0.37599,0.34405,0.31647,0.29333,0.27485,0.26176,0.25478,0.25513,0.26395,0.28292,0.31285,0.35445,0.40762,0.47120,0.54316,0.62056,0.70011,0.77929,0.85564,0.92844,0.99715,1.0618,1.1215,1.1758,1.2228,1.2612,1.2891,1.3052,1.3087,1.2979,1.2729,1.2330,1.1776,1.1062,1.0176,0.91190,0.78759,0.64481,0.48545,0.31383,0.13672,-0.038261,-0.20406,-0.35691,-0.49461,-0.61535,-0.71909,-0.80515,-0.87367,-0.92460,-0.95869,-0.97679,-0.98033,-0.97217,-0.95499,-0.93196,-0.90733,-0.88371,-0.86210,-0.84348,-0.82722,-0.81189,-0.79688,-0.78120,-0.76418,-0.74510,-0.72373,-0.69895,-0.67000,-0.63558,-0.59349,-0.54074,-0.47269,-0.38240,-0.25992,-0.090973,0.14115,0.44917,0.82634,1.2571,1.7520,2.3655,2.9958,-2.8395,-2.5728,-2.4136,-2.3177,-2.2601,-2.2289,-2.2161,-2.2175,-2.2309,-2.2534,-2.2845,-2.3234,-2.3694,-2.4221,-2.4809,-2.5448,-2.6126,-2.6828,-2.7530,-2.8213,-2.8859,-2.9450,-2.9983,-3.0458,-3.0879,-3.1257,3.1227,3.0902,3.0587,3.0278,2.9965,2.9643,2.9305,2.8939,2.8542,2.8102,2.7619,2.7091,2.6529,2.5947,2.5366,2.4801,2.4273,2.3790,2.3361,2.2982,2.2659,2.2379,2.2132,2.1904,2.1669,2.1395,2.1029,2.0508
1.9174,1.8023,1.6620,1.5045,1.3399,1.1747,1.0109,0.84864,0.68777,0.52867,0.37426,0.22754,0.091503,-0.031791,-0.14180,-0.23884,-0.32378,-0.39761,-0.46162,-0.51699,-0.56487,-0.60651,-0.64296,-0.67542,-0.70513,-0.73293,-0.75926,-0.78334,-0.80317,-0.81295,-0.80133,-0.74719,-0.61331,-0.35542,0.0016748,0.30828,0.48501,0.56015,0.57528,0.55492,0.51476,0.46603,0.41648,0.37370,0.34298,0.32829,0.33044,0.34974,0.38283,0.42562,0.47245,0.51742,0.55512,0.58211,0.59603,0.59680,0.58450,0.56153,0.53009,0.49351,0.45484,0.41649,0.38070,0.34875,0.32120,0.29835,0.28029,0.26743,0.26015,0.25965,0.26686,0.28318,0.30982,0.34803,0.39817,0.45981,0.53165,0.61101,0.69477,0.77998,0.86349,0.94347,1.0196,1.0909,1.1576,1.2183,1.2728,1.3191,1.3557,1.3814,1.3945,1.3942,1.3797,1.3500,1.3041,1.2418,1.1619,1.0632,0.94505,0.80592,0.64622,0.46836,0.27686,0.081837,-0.10931,-0.28767,-0.44832,-0.59074,-0.71272,-0.81477,-0.89699,-0.95976,-1.0043,-1.0315,-1.0429,-1.0405,-1.0262,-1.0044,-0.97789,-0.95029,-0.92457,-0.90189,-0.88230,-0.86555,-0.85085,-0.83679,-0.82278,-0.80833,-0.79259,-0.77518,-0.75537,-0.73201,-0.70403,-0.66924,-0.62359,-0.56073,-0.47055,-0.33040,-0.093418,0.33358,0.99107,1.5933,2.0090,2.3452,2.6765,3.0172,-2.9532,-2.7055,-2.5301,-2.4130,-2.3385,-2.2950,-2.2739,-2.2701,-2.2796,-2.3001,-2.3297,-2.3675,-2.4126,-2.4641,-2.5215,-2.5832,-2.6484,-2.7150,-2.7812,-2.8451,-2.9048,-2.9593,-3.0080,-3.0511,-3.0892,-3.1235,3.1281,3.0982,3.0688,3.0393,3.0089,2.9767,2.9421,2.9044,2.8626,2.8165,2.7659,2.7109,2.6532,2.5937,2.5349,2.4782,2.4252,2.3767,2.3334,2.2949,2.2611,2.2311,2.2037,2.1769,2.1485,2.1140,2.0683,2.0050
1.8657,1.7317,1.5713,1.3952,1.2162,1.0418,0.87456,0.71468,0.56168,0.41560,0.27851,0.15160,0.035866,-0.068308,-0.16122,-0.24347,-0.31620,-0.38010,-0.43589,-0.48435,-0.52625,-0.56200,-0.59247,-0.61866,-0.64046,-0.65865,-0.67244,-0.67988,-0.67699,-0.65651,-0.60527,-0.50633,-0.34521,-0.13062,0.090916,0.26553,0.37695,0.43378,0.45221,0.44445,0.42043,0.38798,0.35424,0.32499,0.30521,0.29860,0.30672,0.32937,0.36456,0.40800,0.45437,0.49804,0.53368,0.55769,0.56837,0.56544,0.55012,0.52459,0.49200,0.45550,0.41816,0.38257,0.35036,0.32270,0.29996,0.28217,0.26966,0.26263,0.26193,0.26822,0.28303,0.30732,0.34264,0.38976,0.44916,0.51981,0.60003,0.68700,0.77690,0.86703,0.95441,1.0374,1.1156,1.1884,1.2557,1.3164,1.3698,1.4143,1.4483,1.4707,1.4806,1.4768,1.4582,1.4244,1.3737,1.3054,1.2179,1.1099,0.97955,0.82519,0.64671,0.44639,0.23204,0.015401,-0.19250,-0.38192,-0.54893,-0.69163,-0.81059,-0.90725,-0.98230,-1.0370,-1.0736,-1.0932,-1.0975,-1.0893,-1.0707,-1.0456,-1.0171,-0.98885,-0.96283,-0.94021,-0.92162,-0.90594,-0.89284,-0.88131,-0.87053,-0.86036,-0.84986,-0.83866,-0.82669,-0.81335,-0.79748,-0.77791,-0.75166,-0.71368,-0.65269,-0.53338,-0.16487,1.4482,2.1059,2.3147,2.4683,2.6311,2.8237,3.0469,-3.0020,-2.7881,-2.6156,-2.4909,-2.4071,-2.3552,-2.3282,-2.3203,-2.3268,-2.3458,-2.3742,-2.4113,-2.4553,-2.5053,-2.5610,-2.6202,-2.6823,-2.7451,-2.8071,-2.8665,-2.9216,-2.9713,-3.0158,-3.0547,-3.0890,-3.1198,3.1348,3.1073,3.0799,3.0516,3.0218,2.9895,2.9542,2.9150,2.8716,2.8233,2.7708,2.7145,2.6558,2.5963,2.5378,2.4814,2.4292,2.3812,2.3382,2.2996,2.2651,2.2337,2.2039,2.1739,2.1404,2.0992,2.0447,1.9691
1.8223,1.6653,1.4801,1.2817,1.0869,0.90456,0.73685,0.58261,0.44028,0.30943,0.18958,0.081111,-0.016421,-0.10353,-0.18121,-0.25028,-0.31147,-0.36558,-0.41294,-0.45383,-0.48861,-0.51739,-0.54050,-0.55801,-0.57015,-0.57594,-0.57445,-0.56307,-0.53712,-0.49002,-0.41453,-0.30537,-0.16569,-0.013679,0.12645,0.23633,0.31145,0.35484,0.37272,0.37167,0.35782,0.33688,0.31407,0.29486,0.28317,0.28266,0.29473,0.31959,0.35509,0.39752,0.44185,0.48227,0.51418,0.53373,0.53996,0.53278,0.51387,0.48603,0.45243,0.41666,0.38141,0.34906,0.32101,0.29799,0.28035,0.26824,0.26159,0.26097,0.26711,0.28092,0.30380,0.33691,0.38162,0.43873,0.50771,0.58801,0.67680,0.77091,0.86678,0.96068,1.0507,1.1354,1.2143,1.2870,1.3532,1.4124,1.4634,1.5045,1.5353,1.5542,1.5605,1.5533,1.5317,1.4942,1.4400,1.3673,1.2738,1.1577,1.0162,0.84560,0.64545,0.41875,0.17634,-0.065013,-0.29026,-0.48761,-0.65512,-0.79356,-0.90496,-0.99213,-1.0576,-1.1028,-1.1305,-1.1425,-1.1410,-1.1276,-1.1063,-1.0799,-1.0513,-1.0239,-0.99935,-0.97866,-0.96226,-0.94930,-0.93951,-0.93197,-0.92609,-0.92167,-0.91870,-0.91730,-0.91769,-0.92021,-0.92605,-0.93700,-0.95605,-0.99439,-1.0859,-1.4199,-2.9679,2.7509,2.6543,2.6548,2.7032,2.7912,2.9179,3.0799,-3.0193,-2.8365,-2.6767,-2.5531,-2.4658,-2.4095,-2.3789,-2.3682,-2.3733,-2.3911,-2.4185,-2.4547,-2.4976,-2.5459,-2.5990,-2.6557,-2.7141,-2.7729,-2.8307,-2.8856,-2.9362,-2.9817,-3.0219,-3.0569,-3.0876,-3.1151,-3.1410,3.1172,3.0915,3.0645,3.0351,3.0025,2.9663,2.9257,2.8805,2.8307,2.7769,2.7199,2.6613,2.6024,2.5455,2.4908,2.4400,2.3935,2.3514,2.3131,2.2787,2.2463,2.2150,2.1822,2.1444,2.0970,2.0330,1.9441
1.7871,1.6010,1.3841,1.1592,0.94818,0.76073,0.59650,0.45160,0.32296,0.20813,0.10569,0.014564,-0.066326,-0.13820,-0.20205,-0.25893,-0.30938,-0.35389,-0.39256,-0.42532,-0.45221,-0.47293,-0.48716,-0.49495,-0.49534,-0.48783,-0.47039,-0.44125,-0.39772,-0.33688,-0.25726,-0.16125,-0.056065,0.048011,0.14073,0.21517,0.26941,0.30359,0.32079,0.32395,0.31713,0.30437,0.29017,0.27859,0.27335,0.27753,0.29262,0.31857,0.35330,0.39342,0.43395,0.46947,0.49582,0.50984,0.51054,0.49844,0.47603,0.44605,0.41205,0.37735,0.34484,0.31622,0.29288,0.27496,0.26287,0.25667,0.25645,0.26265,0.27621,0.29817,0.33001,0.37291,0.42791,0.49564,0.57535,0.66538,0.76263,0.86328,0.96351,1.0598,1.1508,1.2354,1.3130,1.3837,1.4474,1.5028,1.5498,1.5871,1.6135,1.6288,1.6318,1.6215,1.5974,1.5580,1.5013,1.4259,1.3291,1.2072,1.0555,0.86875,0.64387,0.38277,0.10518,-0.16349,-0.40314,-0.60313,-0.76434,-0.89265,-0.99181,-1.0670,-1.1205,-1.1558,-1.1749,-1.1798,-1.1730,-1.1571,-1.1342,-1.1083,-1.0816,-1.0567,-1.0350,-1.0180,-1.0053,-0.99675,-0.99163,-0.98962,-0.99055,-0.99490,-1.0028,-1.0153,-1.0340,-1.0618,-1.1032,-1.1685,-1.2780,-1.4813,-1.8975,-2.5677,-3.0783,2.9633,2.8599,2.8279,2.8430,2.8976,2.9891,3.1144,-3.0194,-2.8628,-2.7191,-2.6013,-2.5151,-2.4583,-2.4265,-2.4147,-2.4187,-2.4357,-2.4627,-2.4976,-2.5391,-2.5855,-2.6360,-2.6891,-2.7438,-2.7985,-2.8519,-2.9025,-2.9489,-2.9901,-3.0264,-3.0578,-3.0851,-3.1097,-3.1328,3.1275,3.1033,3.0772,3.0480,3.0150,2.9777,2.9357,2.8891,2.8380,2.7836,2.7272,2.6698,2.6130,2.5583,2.5063,2.4580,2.4137,2.3733,2.3363,2.3025,2.2701,2.2379,2.2029,2.1616,2.1080,2.0345,1.9309
1.7592,1.5345,1.2760,1.0202,0.79536,0.60818,0.45286,0.32158,0.20886,0.11103,0.025550,-0.049294,-0.11494,-0.17282,-0.22406,-0.26951,-0.30967,-0.34477,-0.37462,-0.39894,-0.41734,-0.42905,-0.43373,-0.43064,-0.41908,-0.39820,-0.36721,-0.32588,-0.27341,-0.21115,-0.14111,-0.066061,0.0096517,0.081583,0.14607,0.19968,0.24125,0.26987,0.28667,0.29320,0.29191,0.28591,0.27845,0.27324,0.27328,0.28131,0.29827,0.32442,0.35736,0.39410,0.42957,0.45911,0.47873,0.48590,0.48026,0.46318,0.43681,0.40503,0.37112,0.33809,0.30882,0.28455,0.26619,0.25372,0.24767,0.24773,0.25433,0.26805,0.28983,0.32081,0.36241,0.41609,0.48257,0.56172,0.65249,0.75240,0.85741,0.96289,1.0656,1.1626,1.2522,1.3345,1.4087,1.4754,1.5344,1.5851,1.6270,1.6593,1.6816,1.6927,1.6928,1.6804,1.6544,1.6141,1.5573,1.4818,1.3840,1.2594,1.1001,0.89658,0.64097,0.33682,0.013939,-0.28424,-0.53137,-0.72434,-0.87217,-0.98448,-1.0681,-1.1293,-1.1708,-1.1958,-1.2071,-1.2064,-1.1961,-1.1786,-1.1567,-1.1326,-1.1094,-1.0885,-1.0717,-1.0594,-1.0521,-1.0490,-1.0501,-1.0559,-1.0662,-1.0818,-1.1045,-1.1364,-1.1808,-1.2447,-1.3389,-1.4813,-1.7047,-2.0425,-2.4626,-2.8344,-3.0850,3.0492,2.9682,2.9347,2.9390,2.9776,3.0490,-3.1328,-3.0082,-2.8742,-2.7460,-2.6383,-2.5566,-2.5017,-2.4703,-2.4588,-2.4632,-2.4799,-2.5061,-2.5400,-2.5796,-2.6236,-2.6710,-2.7205,-2.7713,-2.8219,-2.8710,-2.9172,-2.9596,-2.9970,-3.0296,-3.0578,-3.0820,-3.1038,-3.1246,3.1375,3.1147,3.0891,3.0598,3.0262,2.9878,2.9443,2.8965,2.8450,2.7911,2.7361,2.6812,2.6276,2.5763,2.5279,2.4832,2.4418,2.4040,2.3690,2.3368,2.3053,2.2729,2.2372,2.1934,2.1345,2.0514,1.9310
1.7379,1.4586,1.1445,0.85587,0.62463,0.44635,0.30632,0.19274,0.097921,0.017359,-0.051685,-0.11127,-0.16287,-0.20790,-0.24749,-0.28217,-0.31250,-0.33825,-0.35930,-0.37476,-0.38408,-0.38658,-0.38105,-0.36715,-0.34424,-0.31256,-0.27220,-0.22483,-0.17249,-0.11704,-0.060674,-0.0049936,0.049165,0.10038,0.14740,0.18855,0.22236,0.24792,0.26516,0.27452,0.27802,0.27764,0.27607,0.27637,0.28099,0.29214,0.31062,0.33632,0.36691,0.39895,0.42842,0.45058,0.46233,0.46179,0.44930,0.42658,0.39662,0.36315,0.32968,0.29910,0.27345,0.25384,0.24084,0.23448,0.23471,0.24171,0.25574,0.27767,0.30854,0.34972,0.40248,0.46808,0.54717,0.63882,0.74114,0.84964,0.96082,1.0694,1.1720,1.2668,1.3529,1.4301,1.4991,1.5600,1.6128,1.6573,1.6935,1.7203,1.7380,1.7457,1.7427,1.7287,1.7024,1.6627,1.6074,1.5345,1.4397,1.3162,1.1528,0.93258,0.63696,0.27163,-0.10852,-0.43116,-0.67291,-0.84792,-0.97340,-1.0661,-1.1327,-1.1789,-1.2087,-1.2245,-1.2289,-1.2243,-1.2123,-1.1949,-1.1751,-1.1550,-1.1365,-1.1213,-1.1102,-1.1041,-1.1029,-1.1072,-1.1166,-1.1320,-1.1542,-1.1848,-1.2264,-1.2832,-1.3612,-1.4695,-1.6218,-1.8331,-2.1064,-2.4141,-2.6992,-2.9215,-3.0782,3.1015,3.0396,3.0111,3.0127,3.0431,3.1020,-3.0960,-2.9904,-2.8745,-2.7621,-2.6653,-2.5907,-2.5399,-2.5114,-2.5014,-2.5066,-2.5234,-2.5491,-2.5814,-2.6190,-2.6602,-2.7042,-2.7498,-2.7963,-2.8428,-2.8878,-2.9301,-2.9685,-3.0025,-3.0319,-3.0570,-3.0785,-3.0980,-3.1168,-3.1364,3.1249,3.0994,3.0698,3.0350,2.9952,2.9506,2.9022,2.8510,2.7986,2.7462,2.6953,2.6459,2.5993,2.5554,2.5148,2.4775,2.4433,2.4113,2.3816,2.3520,2.3211,2.2857,2.2408,2.1782,2.0855,1.9455
1.7220,1.3606,0.97231,0.65797,0.43520,0.27724,0.15915,0.066040,-0.0099845,-0.073394,-0.12665,-0.17198,-0.21070,-0.24386,-0.27248,-0.29698,-0.31776,-0.33440,-0.34647,-0.35310,-0.35326,-0.34609,-0.33080,-0.30696,-0.27490,-0.23550,-0.19086,-0.14345,-0.095906,-0.050388,-0.0072126,0.033709,0.073025,0.11103,0.14729,0.18079,0.21024,0.23423,0.25246,0.26495,0.27277,0.27745,0.28131,0.28639,0.29515,0.30911,0.32868,0.35318,0.38043,0.40736,0.42954,0.44342,0.44650,0.43746,0.41762,0.38910,0.35555,0.32080,0.28818,0.26033,0.23879,0.22431,0.21712,0.21708,0.22424,0.23879,0.26109,0.29220,0.33345,0.38623,0.45180,0.53098,0.62399,0.72857,0.84151,0.95771,1.0720,1.1806,1.2804,1.3701,1.4499,1.5205,1.5821,1.6358,1.6816,1.7191,1.7489,1.7704,1.7832,1.7874,1.7824,1.7673,1.7415,1.7040,1.6528,1.5854,1.4975,1.3803,1.2182,0.98338,0.63320,0.17374,-0.27536,-0.60439,-0.82114,-0.96619,-1.0662,-1.1360,-1.1847,-1.2169,-1.2355,-1.2436,-1.2431,-1.2356,-1.2233,-1.2082,-1.1923,-1.1771,-1.1646,-1.1555,-1.1515,-1.1526,-1.1596,-1.1724,-1.1921,-1.2194,-1.2560,-1.3049,-1.3696,-1.4552,-1.5694,-1.7200,-1.9119,-2.1414,-2.3869,-2.6168,-2.8092,-2.9578,-3.0669,3.1405,3.0933,3.0712,3.0735,3.1001,-3.1322,-3.0589,-2.9676,-2.8678,-2.7700,-2.6849,-2.6186,-2.5739,-2.5494,-2.5420,-2.5487,-2.5659,-2.5909,-2.6219,-2.6570,-2.6949,-2.7351,-2.7766,-2.8191,-2.8612,-2.9022,-2.9408,-2.9759,-3.0068,-3.0334,-3.0559,-3.0752,-3.0926,-3.1099,-3.1285,3.1331,3.1073,3.0765,3.0405,2.9993,2.9537,2.9054,2.8554,2.8058,2.7574,2.7111,2.6673,2.6261,2.5878,2.5524,2.5198,2.4901,2.4621,2.4362,2.4101,2.3825,2.3495,2.3059,2.2411,2.1411,1.9799
1.7106,1.2127,0.73487,0.42220,0.23142,0.10502,0.013548,-0.057406,-0.11442,-0.16125,-0.20001,-0.23200,-0.25867,-0.28077,-0.29910,-0.31392,-0.32538,-0.33320,-0.33625,-0.33385,-0.32497,-0.30856,-0.28440,-0.25227,-0.21369,-0.17046,-0.12547,-0.081952,-0.041425,-0.0052131,0.027338,0.057766,0.087395,0.11716,0.14698,0.17600,0.20309,0.22698,0.24667,0.26231,0.27425,0.28388,0.29266,0.30249,0.31484,0.33120,0.35128,0.37412,0.39762,0.41837,0.43282,0.43763,0.43131,0.41316,0.38536,0.35099,0.31395,0.27809,0.24683,0.22194,0.20485,0.19591,0.19484,0.20176,0.21653,0.23939,0.27120,0.31299,0.36633,0.43251,0.51285,0.60754,0.71526,0.83282,0.95458,1.0755,1.1899,1.2944,1.3880,1.4702,1.5417,1.6038,1.6572,1.7024,1.7404,1.7707,1.7937,1.8095,1.8181,1.8191,1.8121,1.7971,1.7732,1.7390,1.6943,1.6359,1.5593,1.4554,1.3028,1.0585,0.63074,0.015265,-0.49889,-0.79732,-0.96945,-1.0761,-1.1469,-1.1944,-1.2254,-1.2444,-1.2539,-1.2554,-1.2514,-1.2432,-1.2325,-1.2207,-1.2096,-1.2002,-1.1944,-1.1930,-1.1967,-1.2065,-1.2225,-1.2456,-1.2770,-1.3184,-1.3721,-1.4413,-1.5309,-1.6456,-1.7896,-1.9644,-2.1628,-2.3685,-2.5625,-2.7307,-2.8672,-2.9735,-3.0534,-3.1101,3.1375,3.1221,3.1266,-3.1315,-3.0858,-3.0210,-2.9417,-2.8553,-2.7708,-2.6978,-2.6414,-2.6041,-2.5848,-2.5808,-2.5895,-2.6072,-2.6317,-2.6607,-2.6930,-2.7274,-2.7636,-2.8010,-2.8393,-2.8773,-2.9147,-2.9499,-2.9819,-3.0102,-3.0344,-3.0547,-3.0723,-3.0883,-3.1045,-3.1229,3.1383,3.1116,3.0792,3.0414,2.9989,2.9528,2.9051,2.8578,2.8120,2.7687,2.7284,2.6907,2.6561,2.6240,2.5945,2.5677,2.5434,2.5209,2.5002,2.4796,2.4572,2.4292,2.3905,2.3288,2.2257,2.0415
1.7034,0.94338,0.41066,0.15855,0.022963,-0.064200,-0.12718,-0.17614,-0.21514,-0.24649,-0.27161,-0.29155,-0.30703,-0.31884,-0.32743,-0.33302,-0.33557,-0.33437,-0.32871,-0.31752,-0.29990,-0.27512,-0.24331,-0.20516,-0.16272,-0.11882,-0.076345,-0.037873,-0.0045168,0.024029,0.049040,0.072474,0.096054,0.12085,0.14694,0.17366,0.19997,0.22454,0.24642,0.26534,0.28151,0.29567,0.30919,0.32328,0.33930,0.35746,0.37778,0.39871,0.41789,0.43205,0.43794,0.43346,0.41670,0.38915,0.35307,0.31249,0.27199,0.23530,0.20530,0.18381,0.17148,0.16835,0.17413,0.18855,0.21184,0.24437,0.28716,0.34165,0.40926,0.49158,0.58901,0.70085,0.82383,0.95247,1.0803,1.2010,1.3111,1.4083,1.4927,1.5651,1.6270,1.6792,1.7235,1.7601,1.7895,1.8125,1.8290,1.8393,1.8434,1.8416,1.8337,1.8191,1.7982,1.7701,1.7339,1.6880,1.6281,1.5448,1.4169,1.1798,0.62927,-0.26736,-0.77921,-0.99545,-1.1085,-1.1744,-1.2156,-1.2417,-1.2572,-1.2643,-1.2658,-1.2629,-1.2571,-1.2495,-1.2413,-1.2338,-1.2282,-1.2259,-1.2277,-1.2346,-1.2472,-1.2663,-1.2926,-1.3274,-1.3722,-1.4289,-1.5010,-1.5914,-1.7037,-1.8402,-2.0002,-2.1759,-2.3556,-2.5250,-2.6741,-2.7991,-2.8999,-2.9786,-3.0385,-3.0807,-3.1067,-3.1160,-3.1084,-3.0834,-3.0410,-2.9831,-2.9135,-2.8390,-2.7674,-2.7061,-2.6599,-2.6305,-2.6173,-2.6176,-2.6286,-2.6472,-2.6707,-2.6977,-2.7269,-2.7574,-2.7895,-2.8226,-2.8566,-2.8910,-2.9248,-2.9570,-2.9866,-3.0128,-3.0352,-3.0540,-3.0703,-3.0856,-3.1017,-3.1206,3.1393,3.1108,3.0763,3.0366,2.9927,2.9468,2.9012,2.8574,2.8168,2.7796,2.7460,2.7155,2.6878,2.6627,2.6400,2.6200,2.6023,2.5864,2.5725,2.5591,2.5446,2.5256,2.4965,2.4449,2.3504,2.1534
1.6992,0.40186,0.024045,-0.10715,-0.17718,-0.22476,-0.26072,-0.28902,-0.31151,-0.32904,-0.34189,-0.35067,-0.35592,-0.35803,-0.35752,-0.35416,-0.34792,-0.33809,-0.32378,-0.30428,-0.27853,-0.24651,-0.20869,-0.16669,-0.12297,-0.080444,-0.041790,-0.0085474,0.019041,0.041877,0.061824,0.080988,0.10106,0.12319,0.14753,0.17352,0.20018,0.22622,0.25074,0.27313,0.29351,0.31216,0.33026,0.34845,0.36758,0.38744,0.40765,0.42632,0.44081,0.44814,0.44543,0.43054,0.40347,0.36547,0.32085,0.27388,0.22967,0.19220,0.16373,0.14566,0.13839,0.14148,0.15454,0.17760,0.21072,0.25476,0.31087,0.38078,0.46605,0.56757,0.68505,0.81494,0.95195,1.0877,1.2162,1.3320,1.4329,1.5194,1.5924,1.6536,1.7047,1.7471,1.7815,1.8092,1.8305,1.8459,1.8558,1.8607,1.8610,1.8568,1.8483,1.8357,1.8193,1.7990,1.7744,1.7447,1.7080,1.6580,1.5741,1.3916,0.63057,-0.76517,-1.0794,-1.1836,-1.2330,-1.2597,-1.2741,-1.2802,-1.2814,-1.2794,-1.2748,-1.2687,-1.2623,-1.2562,-1.2517,-1.2496,-1.2506,-1.2556,-1.2658,-1.2815,-1.3035,-1.3328,-1.3706,-1.4177,-1.4767,-1.5499,-1.6396,-1.7485,-1.8778,-2.0249,-2.1840,-2.3451,-2.4969,-2.6323,-2.7473,-2.8420,-2.9180,-2.9777,-3.0224,-3.0533,-3.0706,-3.0741,-3.0632,-3.0375,-2.9974,-2.9448,-2.8836,-2.8198,-2.7601,-2.7105,-2.6748,-2.6541,-2.6475,-2.6524,-2.6658,-2.6851,-2.7078,-2.7323,-2.7581,-2.7848,-2.8125,-2.8412,-2.8713,-2.9021,-2.9328,-2.9626,-2.9903,-3.0148,-3.0361,-3.0543,-3.0703,-3.0858,-3.1028,-3.1232,3.1345,3.1033,3.0662,3.0244,2.9801,2.9355,2.8930,2.8540,2.8195,2.7893,2.7631,2.7403,2.7205,2.7029,2.6878,2.6752,2.6653,2.6577,2.6524,2.6484,2.6450,2.6389,2.6267,2.5994,2.5358,2.3666
-1.2749,-0.32887,-0.33510,-0.34572,-0.35840,-0.37172,-0.38441,-0.39510,-0.40312,-0.40834,-0.41018,-0.40913,-0.40496,-0.39819,-0.38900,-0.37707,-0.36233,-0.34415,-0.32175,-0.29425,-0.26140,-0.22337,-0.18141,-0.13741,-0.094200,-0.054218,-0.019456,0.0093490,0.032566,0.051697,0.068617,0.085523,0.10396,0.12501,0.14901,0.17536,0.20321,0.23137,0.25887,0.28498,0.30949,0.33284,0.35526,0.37725,0.39928,0.42080,0.44053,0.45649,0.46636,0.46666,0.45487,0.42957,0.39142,0.34283,0.28895,0.23536,0.18711,0.14850,0.12162,0.10710,0.10506,0.11490,0.13630,0.16918,0.21404,0.27206,0.34502,0.43455,0.54179,0.66696,0.80631,0.95317,1.0995,1.2365,1.3586,1.4637,1.5520,1.6252,1.6855,1.7350,1.7749,1.8071,1.8322,1.8508,1.8638,1.8719,1.8756,1.8755,1.8722,1.8664,1.8586,1.8493,1.8390,1.8286,1.8183,1.8090,1.7997,1.7932,1.7899,1.7835,-1.2415,-1.3580,-1.3521,-1.3488,-1.3417,-1.3329,-1.3229,-1.3128,-1.3026,-1.2926,-1.2832,-1.2751,-1.2693,-1.2661,-1.2660,-1.2697,-1.2778,-1.2908,-1.3095,-1.3345,-1.3667,-1.4067,-1.4562,-1.5166,-1.5898,-1.6780,-1.7830,-1.9052,-2.0421,-2.1885,-2.3353,-2.4747,-2.5999,-2.7072,-2.7967,-2.8696,-2.9276,-2.9725,-3.0053,-3.0266,-3.0366,-3.0345,-3.0199,-2.9931,-2.9544,-2.9062,-2.8526,-2.7986,-2.7502,-2.7120,-2.6867,-2.6750,-2.6751,-2.6852,-2.7011,-2.7208,-2.7424,-2.7643,-2.7863,-2.8088,-2.8321,-2.8566,-2.8828,-2.9102,-2.9384,-2.9663,-2.9926,-3.0165,-3.0377,-3.0562,-3.0729,-3.0899,-3.1090,-3.1323,3.1220,3.0872,3.0474,3.0042,2.9602,2.9181,2.8802,2.8474,2.8199,2.7974,2.7793,2.7645,2.7526,2.7434,2.7367,2.7325,2.7314,2.7332,2.7385,2.7465,2.7573,2.7700,2.7832,2.7951,2.8066,2.8138
-1.4427,-0.77529,-0.60611,-0.54227,-0.51489,-0.50268,-0.49673,-0.49320,-0.48931,-0.48384,-0.47638,-0.46636,-0.45380,-0.43870,-0.42110,-0.40125,-0.37849,-0.35223,-0.32208,-0.28759,-0.24859,-0.20601,-0.16154,-0.11713,-0.075366,-0.038314,-0.0069917,0.018455,0.038838,0.055795,0.071348,0.087393,0.10554,0.12679,0.15141,0.17908,0.20878,0.23962,0.27035,0.30038,0.32920,0.35693,0.38355,0.40926,0.43371,0.45643,0.47572,0.48911,0.49405,0.48748,0.46675,0.43106,0.38142,0.32179,0.25786,0.19678,0.14424,0.10406,0.078238,0.067368,0.070881,0.088195,0.11913,0.16387,0.22353,0.29979,0.39447,0.50954,0.64488,0.79658,0.95777,1.1169,1.2638,1.3931,1.5021,1.5918,1.6649,1.7239,1.7711,1.8087,1.8381,1.8602,1.8758,1.8859,1.8910,1.8920,1.8899,1.8853,1.8795,1.8729,1.8668,1.8619,1.8598,1.8612,1.8674,1.8819,1.9088,1.9580,2.0623,2.3762,-2.5102,-1.7497,-1.5673,-1.4839,-1.4329,-1.3964,-1.3671,-1.3429,-1.3225,-1.3059,-1.2932,-1.2848,-1.2807,-1.2809,-1.2858,-1.2957,-1.3111,-1.3324,-1.3601,-1.3945,-1.4369,-1.4881,-1.5493,-1.6222,-1.7087,-1.8098,-1.9254,-2.0539,-2.1898,-2.3267,-2.4567,-2.5741,-2.6757,-2.7610,-2.8309,-2.8869,-2.9309,-2.9640,-2.9870,-3.0001,-3.0033,-2.9959,-2.9779,-2.9494,-2.9118,-2.8676,-2.8208,-2.7760,-2.7382,-2.7111,-2.6963,-2.6933,-2.7008,-2.7153,-2.7340,-2.7542,-2.7741,-2.7931,-2.8114,-2.8294,-2.8481,-2.8685,-2.8908,-2.9155,-2.9414,-2.9681,-2.9942,-3.0183,-3.0405,-3.0607,-3.0798,-3.0997,-3.1227,3.1330,3.0996,3.0611,3.0186,2.9749,2.9330,2.8950,2.8629,2.8372,2.8177,2.8035,2.7937,2.7874,2.7841,2.7836,2.7858,2.7910,2.7999,2.8125,2.8302,2.8526,2.8808,2.9171,2.9644,3.0346,-3.1170,-2.7356
-1.4386,-0.98924,-0.79101,-0.69603,-0.64524,-0.61604,-0.59702,-0.58244,-0.56911,-0.55520,-0.53944,-0.52168,-0.50151,-0.47881,-0.45375,-0.42600,-0.39553,-0.36198,-0.32486,-0.28414,-0.24037,-0.19470,-0.14889,-0.10505,-0.065325,-0.030788,-0.0022007,0.020986,0.039833,0.055915,0.071297,0.087621,0.10649,0.12880,0.15501,0.18448,0.21674,0.25060,0.28497,0.31903,0.35217,0.38423,0.41477,0.44393,0.47092,0.49439,0.51297,0.52401,0.52426,0.51102,0.48168,0.43554,0.37418,0.30255,0.22805,0.15845,0.10050,0.058165,0.033150,0.025542,0.034949,0.060804,0.10311,0.16290,0.24192,0.34271,0.46773,0.61674,0.78622,0.96586,1.1414,1.3015,1.4381,1.5504,1.6408,1.7127,1.7695,1.8143,1.8491,1.8753,1.8945,1.9071,1.9140,1.9158,1.9134,1.9079,1.9004,1.8922,1.8845,1.8786,1.8756,1.8773,1.8844,1.8998,1.9262,1.9671,2.0336,2.1462,2.3629,2.8742,-2.5121,-1.9620,-1.7247,-1.5961,-1.5139,-1.4539,-1.4078,-1.3715,-1.3434,-1.3225,-1.3079,-1.3000,-1.2982,-1.3023,-1.3126,-1.3291,-1.3521,-1.3815,-1.4181,-1.4624,-1.5148,-1.5765,-1.6490,-1.7333,-1.8306,-1.9407,-2.0616,-2.1893,-2.3177,-2.4409,-2.5526,-2.6501,-2.7325,-2.8000,-2.8545,-2.8973,-2.9298,-2.9530,-2.9674,-2.9731,-2.9700,-2.9577,-2.9362,-2.9062,-2.8696,-2.8291,-2.7885,-2.7525,-2.7248,-2.7083,-2.7035,-2.7095,-2.7238,-2.7427,-2.7636,-2.7841,-2.8023,-2.8182,-2.8324,-2.8458,-2.8602,-2.8763,-2.8952,-2.9170,-2.9417,-2.9681,-2.9947,-3.0208,-3.0456,-3.0692,-3.0926,-3.1177,3.1370,3.1036,3.0652,3.0226,2.9789,2.9366,2.8982,2.8663,2.8416,2.8240,2.8128,2.8072,2.8060,2.8085,2.8142,2.8228,2.8347,2.8500,2.8701,2.8951,2.9266,2.9656,3.0145,3.0778,-3.1183,-2.9823,-2.7290,-2.1961
-1.4311,-1.1000,-0.91594,-0.81281,-0.75144,-0.71223,-0.68437,-0.66204,-0.64153,-0.62063,-0.59830,-0.57394,-0.54706,-0.51752,-0.48553,-0.45083,-0.41321,-0.37282,-0.32955,-0.28375,-0.23641,-0.18881,-0.14278,-0.10010,-0.062295,-0.029955,-0.0031582,0.018769,0.037076,0.053372,0.069433,0.086914,0.10728,0.13138,0.15968,0.19172,0.22696,0.26423,0.30237,0.34058,0.37809,0.41430,0.44866,0.48086,0.50985,0.53427,0.55210,0.56071,0.55683,0.53763,0.50022,0.44375,0.37058,0.28618,0.19977,0.12047,0.055840,0.010082,-0.015015,-0.019601,-0.0040856,0.031543,0.088261,0.16819,0.27464,0.41121,0.57915,0.77317,0.97910,1.1773,1.3522,1.4961,1.6109,1.7004,1.7696,1.8233,1.8647,1.8960,1.9192,1.9351,1.9449,1.9486,1.9473,1.9414,1.9322,1.9210,1.9091,1.8983,1.8900,1.8862,1.8877,1.8972,1.9163,1.9473,1.9948,2.0655,2.1724,2.3443,2.6439,-3.1262,-2.5098,-2.0818,-1.8391,-1.6862,-1.5828,-1.5058,-1.4473,-1.4026,-1.3685,-1.3445,-1.3295,-1.3226,-1.3235,-1.3321,-1.3479,-1.3709,-1.4014,-1.4393,-1.4846,-1.5378,-1.6000,-1.6715,-1.7538,-1.8473,-1.9519,-2.0663,-2.1872,-2.3089,-2.4265,-2.5342,-2.6289,-2.7092,-2.7753,-2.8285,-2.8705,-2.9023,-2.9251,-2.9398,-2.9467,-2.9457,-2.9368,-2.9194,-2.8948,-2.8635,-2.8276,-2.7905,-2.7562,-2.7284,-2.7101,-2.7039,-2.7088,-2.7232,-2.7440,-2.7672,-2.7904,-2.8103,-2.8266,-2.8391,-2.8490,-2.8577,-2.8674,-2.8794,-2.8950,-2.9146,-2.9385,-2.9655,-2.9947,-3.0243,-3.0543,-3.0839,-3.1143,3.1362,3.1000,3.0597,3.0160,2.9710,2.9279,2.8893,2.8573,2.8330,2.8167,2.8076,2.8053,2.8085,2.8161,2.8277,2.8426,2.8609,2.8829,2.9096,2.9417,2.9803,3.0273,3.0842,-3.1281,-3.0362,-2.9098,-2.7186,-2.4079,-1.9293
-1.4196,-1.1625,-1.0006,-0.89997,-0.83601,-0.79188,-0.75897,-0.73149,-0.70547,-0.67951,-0.65173,-0.62175,-0.58934,-0.55379,-0.51553,-0.47427,-0.43047,-0.38416,-0.33577,-0.28609,-0.23632,-0.18792,-0.14236,-0.10111,-0.064939,-0.034169,-0.0084196,0.013134,0.031800,0.049022,0.066486,0.085758,0.10821,0.13472,0.16570,0.20076,0.23928,0.28032,0.32254,0.36496,0.40661,0.44670,0.48472,0.51978,0.55053,0.57565,0.59292,0.59938,0.59222,0.56769,0.52292,0.45684,0.37174,0.27390,0.17372,0.082620,0.0093795,-0.041466,-0.068052,-0.070555,-0.048371,-0.0010305,0.074804,0.18382,0.33266,0.52504,0.75503,1.0004,1.2302,1.4218,1.5724,1.6866,1.7721,1.8369,1.8857,1.9223,1.9496,1.9693,1.9821,1.9889,1.9902,1.9861,1.9771,1.9646,1.9493,1.9333,1.9182,1.9060,1.8986,1.8980,1.9062,1.9247,1.9571,2.0060,2.0755,2.1758,2.3209,2.5376,2.8666,-2.9673,-2.5078,-2.1596,-1.9239,-1.7613,-1.6442,-1.5563,-1.4891,-1.4376,-1.4002,-1.3743,-1.3592,-1.3542,-1.3584,-1.3712,-1.3928,-1.4226,-1.4603,-1.5058,-1.5596,-1.6212,-1.6918,-1.7716,-1.8613,-1.9612,-2.0697,-2.1840,-2.3003,-2.4132,-2.5177,-2.6107,-2.6899,-2.7554,-2.8082,-2.8495,-2.8805,-2.9029,-2.9173,-2.9244,-2.9244,-2.9173,-2.9028,-2.8812,-2.8534,-2.8209,-2.7861,-2.7524,-2.7236,-2.7042,-2.6950,-2.6982,-2.7122,-2.7341,-2.7610,-2.7884,-2.8130,-2.8325,-2.8463,-2.8551,-2.8604,-2.8642,-2.8689,-2.8766,-2.8892,-2.9072,-2.9313,-2.9608,-2.9943,-3.0304,-3.0686,-3.1081,3.1344,3.0910,3.0456,2.9981,2.9508,2.9061,2.8666,2.8348,2.8108,2.7955,2.7883,2.7885,2.7951,2.8073,2.8238,2.8446,2.8692,2.8978,2.9309,2.9697,3.0151,3.0683,3.1318,-3.0753,-2.9821,-2.8639,-2.7068,-2.4840,-2.1692,-1.7814
-1.4036,-1.1964,-1.0561,-0.96351,-0.90075,-0.85571,-0.82040,-0.78953,-0.76006,-0.73033,-0.69858,-0.66412,-0.62684,-0.58619,-0.54236,-0.49564,-0.44629,-0.39530,-0.34295,-0.29051,-0.23944,-0.19102,-0.14644,-0.10657,-0.071847,-0.042042,-0.016667,0.0052528,0.024839,0.043626,0.063066,0.084661,0.10973,0.13906,0.17309,0.21158,0.25385,0.29879,0.34523,0.39183,0.43763,0.48146,0.52251,0.56014,0.59248,0.61816,0.63508,0.64022,0.63019,0.60159,0.55096,0.47617,0.37942,0.26693,0.15110,0.045397,-0.039768,-0.098416,-0.12891,-0.13066,-0.10222,-0.040008,0.063470,0.22040,0.44275,0.72768,1.0358,1.3091,1.5200,1.6724,1.7805,1.8586,1.9153,1.9568,1.9875,2.0096,2.0251,2.0345,2.0387,2.0375,2.0314,2.0205,2.0051,1.9865,1.9663,1.9466,1.9293,1.9174,1.9126,1.9171,1.9329,1.9627,2.0089,2.0756,2.1682,2.2938,2.4686,2.7108,3.0334,-2.8703,-2.5047,-2.2093,-1.9881,-1.8254,-1.7018,-1.6070,-1.5341,-1.4789,-1.4391,-1.4129,-1.3990,-1.3959,-1.4037,-1.4213,-1.4482,-1.4843,-1.5287,-1.5817,-1.6427,-1.7116,-1.7888,-1.8750,-1.9697,-2.0724,-2.1809,-2.2920,-2.4006,-2.5028,-2.5945,-2.6736,-2.7391,-2.7919,-2.8331,-2.8640,-2.8859,-2.8999,-2.9069,-2.9071,-2.9007,-2.8877,-2.8680,-2.8425,-2.8120,-2.7784,-2.7449,-2.7151,-2.6922,-2.6799,-2.6793,-2.6912,-2.7132,-2.7426,-2.7747,-2.8052,-2.8309,-2.8494,-2.8604,-2.8653,-2.8655,-2.8640,-2.8637,-2.8672,-2.8764,-2.8936,-2.9193,-2.9532,-2.9943,-3.0410,-3.0927,3.1365,3.0809,3.0244,2.9690,2.9165,2.8693,2.8291,2.7972,2.7745,2.7606,2.7551,2.7575,2.7668,2.7823,2.8034,2.8291,2.8594,2.8941,2.9337,2.9787,3.0304,3.0900,-3.1241,-3.0437,-2.9484,-2.8348,-2.6954,-2.5167,-2.2855,-1.9973,-1.6826
-1.3824,-1.2110,-1.0902,-1.0069,-0.94820,-0.90430,-0.86844,-0.83625,-0.80491,-0.77235,-0.73771,-0.69980,-0.65845,-0.61356,-0.56522,-0.51391,-0.46034,-0.40545,-0.35043,-0.29652,-0.24510,-0.19731,-0.15395,-0.11544,-0.081749,-0.052437,-0.026871,-0.0040844,0.017014,0.037756,0.059614,0.083922,0.11200,0.14459,0.18209,0.22440,0.27077,0.31973,0.37042,0.42108,0.47071,0.51799,0.56206,0.60168,0.63546,0.66163,0.67838,0.68265,0.67115,0.63998,0.58506,0.50349,0.39546,0.26757,0.13317,0.0087295,-0.092668,-0.16397,-0.20260,-0.20697,-0.17345,-0.092454,0.056696,0.30703,0.67954,1.0994,1.4373,1.6607,1.8031,1.8970,1.9610,2.0054,2.0372,2.0598,2.0754,2.0857,2.0915,2.0927,2.0896,2.0822,2.0698,2.0529,2.0321,2.0090,1.9848,1.9630,1.9454,1.9352,1.9346,1.9458,1.9709,2.0123,2.0735,2.1572,2.2692,2.4171,2.6104,2.8578,-3.1275,-2.8047,-2.5007,-2.2450,-2.0411,-1.8821,-1.7576,-1.6597,-1.5844,-1.5275,-1.4872,-1.4613,-1.4489,-1.4489,-1.4601,-1.4822,-1.5146,-1.5565,-1.6073,-1.6663,-1.7329,-1.8073,-1.8894,-1.9791,-2.0761,-2.1789,-2.2844,-2.3893,-2.4893,-2.5799,-2.6591,-2.7256,-2.7792,-2.8208,-2.8518,-2.8736,-2.8873,-2.8939,-2.8940,-2.8878,-2.8755,-2.8570,-2.8327,-2.8034,-2.7705,-2.7365,-2.7048,-2.6783,-2.6612,-2.6556,-2.6630,-2.6822,-2.7121,-2.7474,-2.7843,-2.8173,-2.8433,-2.8603,-2.8682,-2.8684,-2.8631,-2.8557,-2.8497,-2.8484,-2.8549,-2.8718,-2.9003,-2.9419,-2.9957,-3.0599,-3.1321,3.0752,3.0004,2.9303,2.8681,2.8156,2.7743,2.7433,2.7224,2.7109,2.7079,2.7125,2.7243,2.7427,2.7669,2.7969,2.8320,2.8722,2.9176,2.9689,3.0267,3.0924,-3.1157,-3.0303,-2.9327,-2.8201,-2.6888,-2.5330,-2.3456,-2.1202,-1.8655,-1.6069
-1.3545,-1.2110,-1.1068,-1.0334,-0.97990,-0.93869,-0.90376,-0.87151,-0.83916,-0.80526,-0.76839,-0.72790,-0.68361,-0.63527,-0.58334,-0.52856,-0.47173,-0.41441,-0.35797,-0.30350,-0.25258,-0.20586,-0.16388,-0.12660,-0.093612,-0.064409,-0.038220,-0.014174,0.0087959,0.031905,0.056470,0.083867,0.11523,0.15146,0.19285,0.23910,0.28974,0.34309,0.39782,0.45263,0.50580,0.55616,0.60265,0.64402,0.67889,0.70597,0.72290,0.72697,0.71533,0.68324,0.62650,0.54014,0.42268,0.27882,0.12214,-0.027291,-0.15249,-0.24411,-0.29863,-0.31413,-0.28174,-0.17831,0.062927,0.57426,1.2449,1.6607,1.8637,1.9734,2.0385,2.0800,2.1077,2.1264,2.1389,2.1467,2.1510,2.1520,2.1501,2.1450,2.1362,2.1234,2.1065,2.0849,2.0600,2.0333,2.0073,1.9846,1.9686,1.9618,1.9666,1.9857,2.0212,2.0747,2.1496,2.2488,2.3773,2.5390,2.7390,2.9783,-3.0360,-2.7585,-2.4980,-2.2729,-2.0858,-1.9344,-1.8124,-1.7157,-1.6405,-1.5837,-1.5441,-1.5201,-1.5099,-1.5127,-1.5281,-1.5546,-1.5919,-1.6389,-1.6944,-1.7579,-1.8287,-1.9063,-1.9909,-2.0820,-2.1783,-2.2785,-2.3790,-2.4764,-2.5663,-2.6461,-2.7137,-2.7687,-2.8117,-2.8435,-2.8654,-2.8789,-2.8852,-2.8849,-2.8786,-2.8665,-2.8487,-2.8253,-2.7967,-2.7642,-2.7295,-2.6956,-2.6654,-2.6431,-2.6309,-2.6317,-2.6455,-2.6721,-2.7077,-2.7483,-2.7883,-2.8231,-2.8491,-2.8639,-2.8680,-2.8630,-2.8513,-2.8372,-2.8245,-2.8177,-2.8207,-2.8379,-2.8723,-2.9263,-3.0007,-3.0934,3.0854,2.9799,2.8842,2.8047,2.7440,2.7003,2.6711,2.6536,2.6461,2.6466,2.6544,2.6686,2.6893,2.7162,2.7491,2.7877,2.8322,2.8828,2.9395,3.0034,3.0752,-3.1269,-3.0358,-2.9333,-2.8186,-2.6897,-2.5443,-2.3803,-2.1937,-1.9825,-1.7573,-1.5409
-1.3192,-1.1975,-1.1086,-1.0444,-0.99718,-0.95941,-0.92648,-0.89528,-0.86293,-0.82831,-0.79027,-0.74803,-0.70161,-0.65083,-0.59613,-0.53902,-0.48038,-0.42168,-0.36477,-0.31086,-0.26108,-0.21587,-0.17530,-0.13906,-0.10647,-0.077082,-0.050001,-0.024343,0.00070702,0.026437,0.054036,0.084764,0.11985,0.15989,0.20545,0.25604,0.31091,0.36867,0.42759,0.48600,0.54256,0.59570,0.64413,0.68694,0.72300,0.75055,0.76820,0.77329,0.76269,0.73192,0.67582,0.58850,0.46459,0.30497,0.12200,-0.061941,-0.22383,-0.35051,-0.43819,-0.48730,-0.48763,-0.39140,0.17381,1.7231,2.0562,2.1473,2.1854,2.2046,2.2154,2.2214,2.2238,2.2243,2.2230,2.2200,2.2155,2.2097,2.2021,2.1922,2.1793,2.1629,2.1423,2.1177,2.0903,2.0617,2.0352,2.0139,2.0007,1.9990,2.0111,2.0386,2.0838,2.1494,2.2368,2.3484,2.4867,2.6540,2.8518,3.0768,-2.9648,-2.7229,-2.4960,-2.2958,-2.1253,-1.9839,-1.8677,-1.7744,-1.7016,-1.6473,-1.6099,-1.5882,-1.5810,-1.5874,-1.6062,-1.6371,-1.6784,-1.7292,-1.7885,-1.8546,-1.9275,-2.0063,-2.0910,-2.1811,-2.2748,-2.3708,-2.4647,-2.5536,-2.6340,-2.7029,-2.7600,-2.8046,-2.8379,-2.8607,-2.8747,-2.8806,-2.8800,-2.8734,-2.8613,-2.8436,-2.8204,-2.7925,-2.7602,-2.7248,-2.6891,-2.6556,-2.6277,-2.6088,-2.6017,-2.6077,-2.6274,-2.6594,-2.6997,-2.7439,-2.7864,-2.8218,-2.8469,-2.8590,-2.8583,-2.8467,-2.8275,-2.8047,-2.7838,-2.7699,-2.7689,-2.7867,-2.8304,-2.9055,-3.0153,3.1281,2.9756,2.8357,2.7266,2.6512,2.6044,2.5784,2.5671,2.5658,2.5713,2.5834,2.6010,2.6241,2.6529,2.6877,2.7286,2.7761,2.8302,2.8914,2.9603,3.0383,3.1251,-3.0603,-2.9518,-2.8319,-2.7008,-2.5586,-2.4049,-2.2371,-2.0541,-1.8596,-1.6612,-1.4764
-1.2759,-1.1725,-1.0970,-1.0422,-1.0012,-0.96772,-0.93773,-0.90788,-0.87653,-0.84190,-0.80344,-0.76041,-0.71238,-0.66014,-0.60389,-0.54528,-0.48580,-0.42703,-0.37084,-0.31823,-0.27002,-0.22656,-0.18744,-0.15206,-0.11975,-0.089876,-0.061623,-0.034266,-0.0067858,0.021757,0.052564,0.086944,0.12582,0.17017,0.22007,0.27512,0.33458,0.39651,0.45940,0.52144,0.58067,0.63624,0.68641,0.73036,0.76734,0.79587,0.81458,0.82145,0.81339,0.78645,0.73449,0.65063,0.52583,0.35367,0.13922,-0.095117,-0.31789,-0.51035,-0.67368,-0.82744,-1.0367,-1.6968,2.9774,2.6090,2.4892,2.4279,2.3900,2.3640,2.3441,2.3283,2.3148,2.3029,2.2917,2.2814,2.2711,2.2602,2.2487,2.2356,2.2200,2.2013,2.1788,2.1528,2.1245,2.0962,2.0708,2.0522,2.0442,2.0484,2.0679,2.1045,2.1594,2.2346,2.3315,2.4501,2.5929,2.7598,2.9495,-3.1259,-2.9091,-2.6954,-2.4946,-2.3164,-2.1621,-2.0315,-1.9237,-1.8364,-1.7680,-1.7170,-1.6832,-1.6648,-1.6610,-1.6709,-1.6933,-1.7274,-1.7721,-1.8252,-1.8860,-1.9534,-2.0260,-2.1043,-2.1874,-2.2747,-2.3647,-2.4547,-2.5416,-2.6218,-2.6926,-2.7518,-2.7990,-2.8343,-2.8586,-2.8734,-2.8797,-2.8789,-2.8720,-2.8594,-2.8417,-2.8189,-2.7912,-2.7590,-2.7235,-2.6860,-2.6496,-2.6170,-2.5915,-2.5761,-2.5732,-2.5840,-2.6080,-2.6437,-2.6873,-2.7335,-2.7772,-2.8124,-2.8349,-2.8429,-2.8363,-2.8165,-2.7874,-2.7538,-2.7214,-2.6971,-2.6894,-2.7075,-2.7650,-2.8759,-3.0506,3.0114,2.7961,2.6347,2.5362,2.4849,2.4648,2.4617,2.4694,2.4828,2.5010,2.5230,2.5491,2.5796,2.6153,2.6573,2.7057,2.7615,2.8254,2.8982,2.9804,3.0733,-3.1059,-2.9897,-2.8628,-2.7256,-2.5803,-2.4268,-2.2671,-2.0991,-1.9256,-1.7462,-1.5706,-1.4099
-1.2241,-1.1364,-1.0732,-1.0274,-0.99314,-0.96455,-0.93782,-0.91048,-0.88049,-0.84667,-0.80823,-0.76491,-0.71640,-0.66335,-0.60668,-0.54787,-0.48852,-0.43067,-0.37583,-0.32505,-0.27892,-0.23723,-0.19951,-0.16497,-0.13277,-0.10224,-0.072660,-0.043327,-0.013399,0.018162,0.052393,0.090587,0.13365,0.18232,0.23682,0.29650,0.36043,0.42670,0.49327,0.55846,0.62025,0.67754,0.72909,0.77417,0.81181,0.84169,0.86211,0.87151,0.86764,0.84654,0.80315,0.72875,0.61169,0.43576,0.18836,-0.12462,-0.46539,-0.79688,-1.1329,-1.5493,-2.1511,-2.8080,3.0483,2.8113,2.6708,2.5807,2.5179,2.4723,2.4374,2.4095,2.3863,2.3666,2.3490,2.3332,2.3188,2.3048,2.2908,2.2761,2.2592,2.2396,2.2170,2.1913,2.1637,2.1372,2.1155,2.1012,2.0986,2.1100,2.1373,2.1820,2.2449,2.3270,2.4289,2.5511,2.6933,2.8540,3.0325,-3.0596,-2.8646,-2.6732,-2.4952,-2.3356,-2.1965,-2.0783,-1.9798,-1.8997,-1.8374,-1.7916,-1.7620,-1.7475,-1.7471,-1.7603,-1.7860,-1.8226,-1.8689,-1.9235,-1.9842,-2.0507,-2.1220,-2.1982,-2.2783,-2.3618,-2.4469,-2.5306,-2.6100,-2.6818,-2.7434,-2.7936,-2.8318,-2.8584,-2.8748,-2.8820,-2.8814,-2.8742,-2.8612,-2.8431,-2.8204,-2.7928,-2.7610,-2.7250,-2.6867,-2.6480,-2.6115,-2.5801,-2.5571,-2.5447,-2.5454,-2.5595,-2.5863,-2.6242,-2.6691,-2.7162,-2.7587,-2.7917,-2.8110,-2.8130,-2.7984,-2.7677,-2.7248,-2.6755,-2.6267,-2.5866,-2.5663,-2.5814,-2.6570,-2.8337,-3.1408,2.7865,2.5278,2.3939,2.3406,2.3287,2.3386,2.3582,2.3823,2.4087,2.4364,2.4662,2.4986,2.5352,2.5767,2.6246,2.6799,2.7441,2.8179,2.9029,2.9997,3.1099,-3.0500,-2.9138,-2.7674,-2.6130,-2.4537,-2.2924,-2.1306,-1.9666,-1.8018,-1.6364,-1.4794,-1.3394
-1.1644,-1.0907,-1.0388,-1.0021,-0.97448,-0.95123,-0.92830,-0.90364,-0.87574,-0.84324,-0.80563,-0.76254,-0.71420,-0.66139,-0.60498,-0.54688,-0.48870,-0.43248,-0.37968,-0.33131,-0.28737,-0.24762,-0.21112,-0.17725,-0.14509,-0.11379,-0.082766,-0.051351,-0.018780,0.015906,0.053790,0.096004,0.14340,0.19667,0.25581,0.32032,0.38865,0.45885,0.52905,0.59688,0.66079,0.71957,0.77220,0.81821,0.85706,0.88823,0.91082,0.92390,0.92564,0.91286,0.88136,0.82418,0.72768,0.56857,0.30181,-0.14610,-0.77650,-1.3899,-1.8854,-2.3152,-2.6926,-3.0004,3.0505,2.8817,2.7592,2.6689,2.6008,2.5479,2.5060,2.4717,2.4426,2.4178,2.3965,2.3774,2.3604,2.3447,2.3297,2.3144,2.2981,2.2794,2.2580,2.2343,2.2096,2.1867,2.1693,2.1611,2.1649,2.1832,2.2171,2.2680,2.3365,2.4227,2.5263,2.6472,2.7847,2.9376,3.1036,-3.0047,-2.8277,-2.6561,-2.4968,-2.3539,-2.2297,-2.1238,-2.0352,-1.9640,-1.9086,-1.8686,-1.8437,-1.8330,-1.8363,-1.8526,-1.8804,-1.9189,-1.9658,-2.0201,-2.0799,-2.1444,-2.2133,-2.2861,-2.3626,-2.4415,-2.5211,-2.5986,-2.6705,-2.7340,-2.7873,-2.8288,-2.8586,-2.8777,-2.8865,-2.8867,-2.8799,-2.8667,-2.8482,-2.8252,-2.7975,-2.7656,-2.7299,-2.6910,-2.6508,-2.6111,-2.5750,-2.5451,-2.5243,-2.5147,-2.5177,-2.5337,-2.5620,-2.6004,-2.6446,-2.6895,-2.7301,-2.7589,-2.7724,-2.7664,-2.7400,-2.6938,-2.6320,-2.5597,-2.4857,-2.4194,-2.3737,-2.3703,-2.4577,-2.7605,2.8876,2.3953,2.2130,2.1653,2.1715,2.1996,2.2352,2.2724,2.3090,2.3440,2.3784,2.4134,2.4503,2.4909,2.5367,2.5898,2.6514,2.7234,2.8074,2.9054,3.0190,-3.1344,-2.9891,-2.8299,-2.6623,-2.4910,-2.3207,-2.1546,-1.9941,-1.8355,-1.6800,-1.5277,-1.3863,-1.2631
-1.0975,-1.0368,-0.99570,-0.96773,-0.94716,-0.92900,-0.91043,-0.88908,-0.86349,-0.83276,-0.79636,-0.75439,-0.70687,-0.65483,-0.59963,-0.54284,-0.48675,-0.43286,-0.38261,-0.33669,-0.29507,-0.25719,-0.22202,-0.18862,-0.15626,-0.12411,-0.091593,-0.058040,-0.022673,0.015310,0.056942,0.10329,0.15525,0.21329,0.27742,0.34657,0.41928,0.49333,0.56660,0.63690,0.70255,0.76249,0.81596,0.86287,0.90267,0.93571,0.96127,0.97852,0.98725,0.98491,0.96944,0.93650,0.87794,0.77519,0.56741,-0.12625,-1.6961,-2.1972,-2.4647,-2.6896,-2.8972,-3.0829,3.0417,2.9112,2.8066,2.7230,2.6561,2.6019,2.5572,2.5196,2.4876,2.4601,2.4362,2.4153,2.3970,2.3808,2.3663,2.3521,2.3370,2.3208,2.3026,2.2825,2.2620,2.2445,2.2328,2.2306,2.2409,2.2646,2.3039,2.3591,2.4304,2.5173,2.6194,2.7361,2.8668,3.0104,-3.1187,-2.9580,-2.7970,-2.6423,-2.4996,-2.3722,-2.2617,-2.1681,-2.0901,-2.0275,-1.9790,-1.9452,-1.9252,-1.9187,-1.9251,-1.9440,-1.9734,-2.0125,-2.0595,-2.1124,-2.1702,-2.2320,-2.2978,-2.3669,-2.4394,-2.5139,-2.5877,-2.6586,-2.7234,-2.7791,-2.8244,-2.8582,-2.8805,-2.8922,-2.8943,-2.8882,-2.8753,-2.8566,-2.8332,-2.8053,-2.7733,-2.7377,-2.6988,-2.6575,-2.6159,-2.5760,-2.5406,-2.5122,-2.4935,-2.4855,-2.4899,-2.5066,-2.5343,-2.5708,-2.6124,-2.6535,-2.6890,-2.7114,-2.7158,-2.6974,-2.6545,-2.5865,-2.4972,-2.3932,-2.2835,-2.1769,-2.0851,-2.0225,-2.0396,-2.5452,2.1554,1.9456,1.9489,1.9927,2.0484,2.1042,2.1574,2.2053,2.2488,2.2888,2.3266,2.3644,2.4040,2.4470,2.4959,2.5528,2.6193,2.6990,2.7934,2.9060,3.0385,-3.0915,-2.9198,-2.7347,-2.5446,-2.3581,-2.1806,-2.0135,-1.8557,-1.7038,-1.5575,-1.4171,-1.2902,-1.1820
-1.0253,-0.97666,-0.94576,-0.92621,-0.91251,-0.89998,-0.88570,-0.86797,-0.84505,-0.81670,-0.78197,-0.74131,-0.69520,-0.64477,-0.59129,-0.53676,-0.48294,-0.43180,-0.38442,-0.34121,-0.30186,-0.26573,-0.23170,-0.19872,-0.16607,-0.13304,-0.098837,-0.063045,-0.024807,0.016553,0.062125,0.11282,0.16949,0.23246,0.30148,0.37519,0.45216,0.52990,0.60597,0.67826,0.74541,0.80637,0.86073,0.90846,0.94980,0.98487,1.0137,1.0362,1.0524,1.0622,1.0658,1.0636,1.0593,1.0661,1.1557,2.7184,-2.6725,-2.6710,-2.7582,-2.8766,-3.0064,-3.1354,3.0283,2.9229,2.8329,2.7574,2.6940,2.6409,2.5959,2.5572,2.5237,2.4949,2.4698,2.4482,2.4299,2.4144,2.4010,2.3890,2.3774,2.3648,2.3507,2.3358,2.3211,2.3095,2.3038,2.3073,2.3227,2.3513,2.3940,2.4510,2.5226,2.6076,2.7057,2.8167,2.9398,3.0739,-3.0662,-2.9184,-2.7716,-2.6316,-2.5036,-2.3906,-2.2928,-2.2107,-2.1426,-2.0882,-2.0473,-2.0190,-2.0038,-2.0012,-2.0103,-2.0310,-2.0620,-2.1012,-2.1470,-2.1981,-2.2535,-2.3123,-2.3747,-2.4406,-2.5089,-2.5785,-2.6467,-2.7114,-2.7691,-2.8178,-2.8557,-2.8822,-2.8976,-2.9026,-2.8984,-2.8865,-2.8680,-2.8444,-2.8162,-2.7841,-2.7484,-2.7094,-2.6677,-2.6248,-2.5822,-2.5426,-2.5079,-2.4812,-2.4635,-2.4568,-2.4614,-2.4771,-2.5023,-2.5352,-2.5715,-2.6066,-2.6337,-2.6461,-2.6376,-2.6021,-2.5351,-2.4381,-2.3134,-2.1700,-2.0191,-1.8682,-1.7167,-1.5511,-1.3082,-0.055202,1.4114,1.6536,1.7863,1.8861,1.9700,2.0407,2.1015,2.1543,2.2005,2.2418,2.2806,2.3192,2.3594,2.4034,2.4536,2.5128,2.5837,2.6699,2.7751,2.9039,3.0588,-3.0422,-2.8384,-2.6230,-2.4111,-2.2120,-2.0309,-1.8664,-1.7145,-1.5708,-1.4342,-1.3057,-1.1910,-1.0966
-0.95026,-0.91266,-0.89121,-0.87968,-0.87239,-0.86555,-0.85581,-0.84160,-0.82190,-0.79585,-0.76315,-0.72460,-0.68044,-0.63200,-0.58073,-0.52876,-0.47792,-0.42976,-0.38532,-0.34477,-0.30771,-0.27305,-0.24000,-0.20735,-0.17431,-0.14016,-0.10430,-0.066148,-0.025039,0.019919,0.069555,0.12478,0.18633,0.25424,0.32817,0.40659,0.48763,0.56859,0.64713,0.72127,0.78965,0.85162,0.90689,0.95582,0.99864,1.0360,1.0686,1.0968,1.1216,1.1442,1.1684,1.2009,1.2593,1.4014,1.8465,2.8183,-3.0031,-2.9054,-2.9237,-2.9905,-3.0795,3.1074,3.0129,2.9253,2.8474,2.7793,2.7204,2.6697,2.6255,2.5871,2.5533,2.5239,2.4987,2.4774,2.4598,2.4460,2.4351,2.4264,2.4187,2.4110,2.4027,2.3936,2.3848,2.3790,2.3790,2.3878,2.4070,2.4383,2.4825,2.5396,2.6091,2.6906,2.7839,2.8885,3.0039,3.1295,-3.0208,-2.8846,-2.7504,-2.6239,-2.5092,-2.4088,-2.3229,-2.2510,-2.1924,-2.1457,-2.1114,-2.0885,-2.0775,-2.0781,-2.0900,-2.1120,-2.1432,-2.1823,-2.2268,-2.2760,-2.3288,-2.3849,-2.4444,-2.5065,-2.5710,-2.6357,-2.6987,-2.7572,-2.8084,-2.8502,-2.8813,-2.9012,-2.9101,-2.9090,-2.8991,-2.8818,-2.8585,-2.8303,-2.7980,-2.7621,-2.7231,-2.6812,-2.6375,-2.5933,-2.5504,-2.5107,-2.4774,-2.4514,-2.4347,-2.4280,-2.4315,-2.4447,-2.4659,-2.4930,-2.5221,-2.5476,-2.5637,-2.5622,-2.5355,-2.4771,-2.3805,-2.2486,-2.0880,-1.9130,-1.7345,-1.5578,-1.3717,-1.1362,-0.71449,0.30144,1.1844,1.5287,1.7106,1.8325,1.9261,2.0014,2.0639,2.1164,2.1619,2.2023,2.2399,2.2774,2.3165,2.3595,2.4095,2.4696,2.5434,2.6356,2.7518,2.8987,3.0814,-2.9827,-2.7392,-2.4899,-2.2569,-2.0512,-1.8725,-1.7151,-1.5719,-1.4376,-1.3107,-1.1933,-1.0911,-1.0091
-0.87518,-0.84735,-0.83439,-0.83018,-0.82920,-0.82738,-0.82211,-0.81152,-0.79479,-0.77140,-0.74149,-0.70510,-0.66322,-0.61720,-0.56869,-0.51958,-0.47185,-0.42691,-0.38546,-0.34740,-0.31237,-0.27917,-0.24687,-0.21437,-0.18078,-0.14542,-0.10781,-0.067181,-0.022966,0.025587,0.079466,0.13936,0.20584,0.27881,0.35769,0.44065,0.52554,0.60965,0.69060,0.76641,0.83604,0.89875,0.95512,1.0052,1.0498,1.0899,1.1264,1.1602,1.1938,1.2300,1.2746,1.3410,1.4585,1.7009,2.2020,2.8075,3.1303,-3.0430,-3.0329,-3.0717,-3.1353,3.0732,2.9961,2.9222,2.8542,2.7932,2.7390,2.6911,2.6487,2.6110,2.5777,2.5488,2.5240,2.5034,2.4878,2.4763,2.4688,2.4644,2.4616,2.4596,2.4571,2.4537,2.4507,2.4504,2.4552,2.4674,2.4894,2.5221,2.5662,2.6217,2.6884,2.7655,2.8536,2.9520,3.0605,-3.1051,-2.9814,-2.8555,-2.7327,-2.6183,-2.5154,-2.4263,-2.3513,-2.2885,-2.2380,-2.1986,-2.1700,-2.1522,-2.1449,-2.1484,-2.1621,-2.1854,-2.2169,-2.2548,-2.2982,-2.3458,-2.3965,-2.4500,-2.5067,-2.5656,-2.6261,-2.6863,-2.7439,-2.7965,-2.8416,-2.8769,-2.9018,-2.9155,-2.9186,-2.9119,-2.8967,-2.8746,-2.8468,-2.8146,-2.7787,-2.7395,-2.6977,-2.6536,-2.6083,-2.5633,-2.5201,-2.4813,-2.4482,-2.4227,-2.4062,-2.3985,-2.3997,-2.4090,-2.4247,-2.4443,-2.4637,-2.4775,-2.4791,-2.4599,-2.4111,-2.3252,-2.1988,-2.0374,-1.8553,-1.6710,-1.4939,-1.3204,-1.1297,-0.87448,-0.41646,0.44580,1.1640,1.5052,1.6918,1.8159,1.9081,1.9805,2.0399,2.0889,2.1313,2.1685,2.2033,2.2379,2.2743,2.3150,2.3635,2.4229,2.4975,2.5945,2.7215,2.8897,3.1081,-2.9064,-2.6105,-2.3249,-2.0797,-1.8761,-1.7080,-1.5616,-1.4294,-1.3054,-1.1893,-1.0831,-0.99261,-0.92290
-0.80192,-0.78309,-0.77750,-0.77973,-0.78413,-0.78728,-0.78596,-0.77897,-0.76553,-0.74490,-0.71751,-0.68372,-0.64442,-0.60121,-0.55543,-0.50957,-0.46519,-0.42330,-0.38472,-0.34908,-0.31595,-0.28385,-0.25211,-0.21958,-0.18532,-0.14874,-0.10916,-0.065952,-0.018522,0.033871,0.092032,0.15676,0.22836,0.30653,0.39025,0.47769,0.56632,0.65354,0.73658,0.81404,0.88483,0.94868,1.0059,1.0574,1.1042,1.1470,1.1875,1.2273,1.2693,1.3181,1.3820,1.4771,1.6368,1.9212,2.3597,2.7875,3.0385,-3.1380,-3.1136,-3.1350,3.1014,3.0422,2.9785,2.9156,2.8560,2.8015,2.7519,2.7070,2.6666,2.6304,2.5980,2.5701,2.5464,2.5278,2.5142,2.5059,2.5024,2.5028,2.5056,2.5090,2.5122,2.5144,2.5165,2.5202,2.5284,2.5433,2.5664,2.5995,2.6424,2.6955,2.7588,2.8320,2.9150,3.0080,3.1104,-3.0624,-2.9468,-2.8304,-2.7179,-2.6144,-2.5225,-2.4437,-2.3776,-2.3233,-2.2798,-2.2465,-2.2230,-2.2092,-2.2051,-2.2110,-2.2265,-2.2504,-2.2820,-2.3198,-2.3620,-2.4080,-2.4568,-2.5081,-2.5623,-2.6180,-2.6747,-2.7304,-2.7829,-2.8299,-2.8687,-2.8984,-2.9173,-2.9254,-2.9232,-2.9115,-2.8917,-2.8652,-2.8336,-2.7978,-2.7586,-2.7168,-2.6726,-2.6268,-2.5804,-2.5347,-2.4917,-2.4529,-2.4205,-2.3952,-2.3777,-2.3681,-2.3658,-2.3701,-2.3788,-2.3893,-2.3975,-2.3980,-2.3835,-2.3437,-2.2722,-2.1611,-2.0117,-1.8380,-1.6590,-1.4880,-1.3284,-1.1709,-0.98981,-0.73174,-0.25002,0.58715,1.2267,1.5368,1.7093,1.8232,1.9074,1.9727,2.0255,2.0692,2.1064,2.1392,2.1696,2.2001,2.2325,2.2697,2.3145,2.3712,2.4448,2.5443,2.6815,2.8748,-3.1407,-2.7995,-2.4381,-2.1238,-1.8803,-1.6924,-1.5407,-1.4097,-1.2906,-1.1781,-1.0730,-0.97794,-0.89854,-0.83984
-0.73345,-0.72176,-0.72276,-0.73014,-0.73941,-0.74641,-0.74897,-0.74532,-0.73478,-0.71706,-0.69237,-0.66124,-0.62473,-0.58443,-0.54197,-0.49932,-0.45810,-0.41935,-0.38338,-0.34999,-0.31827,-0.28724,-0.25582,-0.22300,-0.18788,-0.14986,-0.10823,-0.062250,-0.011519,0.044919,0.10762,0.17730,0.25401,0.33745,0.42618,0.51810,0.61051,0.70052,0.78596,0.86506,0.93697,1.0020,1.0606,1.1136,1.1621,1.2080,1.2522,1.2977,1.3478,1.4077,1.4876,1.6047,1.7881,2.0720,2.4384,2.7665,2.9730,3.0733,3.1049,3.0949,3.0607,3.0133,2.9605,2.9065,2.8545,2.8057,2.7604,2.7191,2.6810,2.6464,2.6156,2.5889,2.5670,2.5505,2.5400,2.5355,2.5365,2.5418,2.5498,2.5587,2.5667,2.5732,2.5789,2.5858,2.5961,2.6123,2.6361,2.6683,2.7099,2.7607,2.8208,2.8901,2.9691,3.0573,-3.1288,-3.0247,-2.9167,-2.8088,-2.7058,-2.6122,-2.5300,-2.4600,-2.4019,-2.3547,-2.3174,-2.2892,-2.2698,-2.2594,-2.2583,-2.2661,-2.2828,-2.3078,-2.3398,-2.3769,-2.4183,-2.4631,-2.5105,-2.5599,-2.6115,-2.6644,-2.7173,-2.7686,-2.8162,-2.8576,-2.8910,-2.9148,-2.9284,-2.9313,-2.9242,-2.9080,-2.8841,-2.8541,-2.8190,-2.7802,-2.7385,-2.6943,-2.6483,-2.6011,-2.5537,-2.5077,-2.4647,-2.4261,-2.3935,-2.3676,-2.3484,-2.3362,-2.3298,-2.3283,-2.3291,-2.3298,-2.3261,-2.3119,-2.2808,-2.2230,-2.1313,-2.0045,-1.8490,-1.6824,-1.5207,-1.3731,-1.2353,-1.0953,-0.92578,-0.66383,-0.12754,0.76604,1.3389,1.6018,1.7489,1.8461,1.9178,1.9734,2.0180,2.0548,2.0857,2.1128,2.1380,2.1633,2.1906,2.2225,2.2620,2.3136,2.3832,2.4819,2.6272,2.8515,-3.0897,-2.6374,-2.2051,-1.8867,-1.6673,-1.5066,-1.3778,-1.2646,-1.1593,-1.0591,-0.96471,-0.88029,-0.81155,-0.76234
-0.67085,-0.66523,-0.67092,-0.68264,-0.69558,-0.70604,-0.71194,-0.71130,-0.70357,-0.68851,-0.66657,-0.63820,-0.60459,-0.56743,-0.52818,-0.48883,-0.45082,-0.41497,-0.38148,-0.34984,-0.31947,-0.28918,-0.25776,-0.22449,-0.18835,-0.14867,-0.10472,-0.055921,-0.0016015,0.058944,0.12638,0.20121,0.28327,0.37201,0.46581,0.56242,0.65886,0.75197,0.83949,0.92043,0.99375,1.0598,1.1195,1.1740,1.2244,1.2728,1.3209,1.3713,1.4280,1.4975,1.5894,1.7201,1.9113,2.1761,2.4814,2.7465,2.9217,3.0151,3.0504,3.0487,3.0238,2.9861,2.9420,2.8958,2.8505,2.8070,2.7662,2.7280,2.6926,2.6600,2.6308,2.6060,2.5863,2.5726,2.5656,2.5649,2.5706,2.5808,2.5936,2.6067,2.6183,2.6280,2.6359,2.6447,2.6563,2.6732,2.6969,2.7285,2.7683,2.8170,2.8745,2.9409,3.0164,3.1008,-3.0899,-2.9914,-2.8901,-2.7901,-2.6961,-2.6112,-2.5374,-2.4752,-2.4241,-2.3827,-2.3504,-2.3265,-2.3108,-2.3031,-2.3044,-2.3142,-2.3324,-2.3582,-2.3901,-2.4272,-2.4683,-2.5122,-2.5583,-2.6061,-2.6555,-2.7052,-2.7546,-2.8016,-2.8441,-2.8804,-2.9084,-2.9270,-2.9355,-2.9337,-2.9221,-2.9020,-2.8745,-2.8413,-2.8036,-2.7622,-2.7183,-2.6724,-2.6247,-2.5764,-2.5283,-2.4820,-2.4388,-2.4003,-2.3669,-2.3397,-2.3185,-2.3027,-2.2915,-2.2836,-2.2765,-2.2679,-2.2526,-2.2255,-2.1795,-2.1078,-2.0054,-1.8748,-1.7276,-1.5792,-1.4409,-1.3170,-1.2003,-1.0772,-0.91989,-0.65044,-0.0029047,1.0017,1.4796,1.6850,1.8002,1.8776,1.9348,1.9793,2.0149,2.0435,2.0677,2.0883,2.1073,2.1263,2.1473,2.1722,2.2047,2.2483,2.3098,2.4024,2.5507,2.8114,-3.0023,-2.3725,-1.9012,-1.6277,-1.4558,-1.3301,-1.2256,-1.1306,-1.0392,-0.95014,-0.86640,-0.79213,-0.73295,-0.69264
-0.61488,-0.61401,-0.62344,-0.63834,-0.65412,-0.66750,-0.67569,-0.67778,-0.67257,-0.66033,-0.64083,-0.61530,-0.58464,-0.55047,-0.51462,-0.47838,-0.44344,-0.41024,-0.37889,-0.34890,-0.31952,-0.28957,-0.25808,-0.22414,-0.18671,-0.14515,-0.098712,-0.046793,0.011328,0.076253,0.14862,0.22872,0.31646,0.41092,0.51015,0.61160,0.71194,0.80843,0.89851,0.98103,1.0557,1.1230,1.1836,1.2394,1.2916,1.3421,1.3931,1.4477,1.5099,1.5863,1.6863,1.8232,2.0110,2.2507,2.5079,2.7281,2.8799,2.9662,3.0035,3.0074,2.9900,2.9601,2.9235,2.8843,2.8448,2.8065,2.7698,2.7349,2.7021,2.6719,2.6448,2.6223,2.6051,2.5945,2.5911,2.5948,2.6048,2.6193,2.6359,2.6521,2.6660,2.6771,2.6865,2.6961,2.7083,2.7255,2.7489,2.7797,2.8185,2.8655,2.9210,2.9852,3.0581,3.1393,-3.0553,-2.9620,-2.8669,-2.7741,-2.6880,-2.6109,-2.5447,-2.4891,-2.4436,-2.4074,-2.3793,-2.3587,-2.3462,-2.3412,-2.3446,-2.3560,-2.3755,-2.4021,-2.4346,-2.4719,-2.5125,-2.5559,-2.6009,-2.6471,-2.6943,-2.7411,-2.7867,-2.8294,-2.8672,-2.8983,-2.9215,-2.9351,-2.9390,-2.9330,-2.9176,-2.8939,-2.8634,-2.8275,-2.7874,-2.7442,-2.6985,-2.6511,-2.6020,-2.5529,-2.5042,-2.4575,-2.4139,-2.3745,-2.3403,-2.3112,-2.2874,-2.2680,-2.2518,-2.2377,-2.2232,-2.2056,-2.1806,-2.1432,-2.0874,-2.0088,-1.9049,-1.7820,-1.6510,-1.5250,-1.4107,-1.3079,-1.2112,-1.1086,-0.96837,-0.69632,0.18067,1.2919,1.6335,1.7745,1.8571,1.9132,1.9555,1.9878,2.0141,2.0345,2.0508,2.0642,2.0763,2.0883,2.1017,2.1184,2.1410,2.1732,2.2210,2.2985,2.4369,2.7362,-2.8055,-1.9421,-1.5592,-1.3772,-1.2616,-1.1711,-1.0899,-1.0108,-0.93173,-0.85370,-0.77977,-0.71494,-0.66418,-0.63077
-0.56613,-0.56863,-0.58078,-0.59785,-0.61573,-0.63095,-0.64142,-0.64542,-0.64262,-0.63261,-0.61578,-0.59284,-0.56514,-0.53411,-0.50140,-0.46819,-0.43608,-0.40539,-0.37597,-0.34724,-0.31850,-0.28864,-0.25672,-0.22176,-0.18290,-0.13924,-0.090020,-0.034718,0.027416,0.097059,0.17472,0.26056,0.35429,0.45486,0.55997,0.66664,0.77171,0.87154,0.96414,1.0484,1.1239,1.1920,1.2536,1.3101,1.3633,1.4156,1.4686,1.5262,1.5924,1.6734,1.7772,1.9147,2.0930,2.3064,2.5258,2.7124,2.8450,2.9245,2.9622,2.9702,2.9587,2.9352,2.9051,2.8721,2.8382,2.8047,2.7719,2.7404,2.7105,2.6828,2.6583,2.6382,2.6240,2.6168,2.6170,2.6248,2.6388,2.6567,2.6759,2.6937,2.7085,2.7201,2.7299,2.7397,2.7524,2.7695,2.7928,2.8232,2.8610,2.9071,2.9612,3.0238,3.0948,-3.1098,-3.0247,-2.9359,-2.8465,-2.7604,-2.6814,-2.6113,-2.5512,-2.5015,-2.4611,-2.4288,-2.4040,-2.3866,-2.3764,-2.3737,-2.3792,-2.3924,-2.4131,-2.4408,-2.4741,-2.5116,-2.5523,-2.5950,-2.6390,-2.6838,-2.7284,-2.7724,-2.8143,-2.8527,-2.8859,-2.9123,-2.9306,-2.9398,-2.9394,-2.9294,-2.9107,-2.8842,-2.8512,-2.8131,-2.7712,-2.7263,-2.6792,-2.6302,-2.5803,-2.5301,-2.4807,-2.4333,-2.3892,-2.3489,-2.3132,-2.2822,-2.2554,-2.2319,-2.2113,-2.1913,-2.1705,-2.1458,-2.1142,-2.0702,-2.0100,-1.9310,-1.8338,-1.7248,-1.6144,-1.5108,-1.4180,-1.3369,-1.2620,-1.1837,-1.0773,-0.83820,0.61282,1.6058,1.7851,1.8646,1.9141,1.9495,1.9767,1.9976,2.0137,2.0253,2.0339,2.0397,2.0442,2.0480,2.0525,2.0593,2.0695,2.0861,2.1133,2.1603,2.2552,2.5514,-2.1411,-1.4152,-1.2481,-1.1615,-1.0949,-1.0336,-0.97163,-0.90664,-0.83881,-0.77036,-0.70503,-0.64832,-0.60477,-0.57738
-0.52439,-0.52956,-0.54327,-0.56170,-0.58073,-0.59730,-0.60913,-0.61500,-0.61401,-0.60609,-0.59169,-0.57133,-0.54642,-0.51842,-0.48867,-0.45855,-0.42901,-0.40037,-0.37254,-0.34481,-0.31645,-0.28644,-0.25382,-0.21753,-0.17681,-0.13081,-0.078609,-0.019595,0.046981,0.12163,0.20503,0.29726,0.39775,0.50517,0.61701,0.72935,0.83918,0.94273,1.0374,1.1230,1.1995,1.2677,1.3294,1.3861,1.4397,1.4926,1.5471,1.6064,1.6748,1.7579,1.8627,1.9963,2.1619,2.3510,2.5391,2.6992,2.8158,2.8887,2.9257,2.9366,2.9296,2.9117,2.8873,2.8598,2.8311,2.8021,2.7734,2.7454,2.7185,2.6933,2.6715,2.6543,2.6434,2.6397,2.6438,2.6552,2.6721,2.6923,2.7128,2.7309,2.7455,2.7569,2.7664,2.7762,2.7890,2.8061,2.8295,2.8596,2.8972,2.9425,2.9959,3.0576,3.1271,-3.0795,-2.9975,-2.9128,-2.8287,-2.7487,-2.6760,-2.6118,-2.5575,-2.5124,-2.4758,-2.4471,-2.4253,-2.4102,-2.4025,-2.4020,-2.4091,-2.4242,-2.4464,-2.4751,-2.5093,-2.5471,-2.5878,-2.6299,-2.6729,-2.7160,-2.7585,-2.7994,-2.8379,-2.8721,-2.9009,-2.9228,-2.9365,-2.9415,-2.9372,-2.9238,-2.9021,-2.8731,-2.8380,-2.7983,-2.7549,-2.7085,-2.6601,-2.6100,-2.5589,-2.5077,-2.4575,-2.4093,-2.3641,-2.3228,-2.2854,-2.2522,-2.2223,-2.1955,-2.1703,-2.1461,-2.1206,-2.0914,-2.0555,-2.0093,-1.9503,-1.8768,-1.7912,-1.6996,-1.6091,-1.5270,-1.4560,-1.3968,-1.3468,-1.3031,-1.2587,-1.1863,1.7482,1.8882,1.9248,1.9491,1.9686,1.9845,1.9971,2.0065,2.0126,2.0154,2.0155,2.0133,2.0093,2.0042,1.9987,1.9933,1.9889,1.9848,1.9806,1.9735,1.9514,1.7742,-0.93859,-1.0115,-1.0088,-0.98825,-0.95748,-0.91830,-0.87166,-0.81845,-0.75989,-0.69949,-0.64204,-0.59209,-0.55468,-0.53222
-0.48974,-0.49622,-0.51096,-0.53009,-0.54954,-0.56679,-0.57973,-0.58656,-0.58712,-0.58107,-0.56868,-0.55106,-0.52873,-0.50366,-0.47685,-0.44933,-0.42215,-0.39534,-0.36872,-0.34169,-0.31343,-0.28300,-0.24926,-0.21153,-0.16866,-0.11991,-0.064371,-0.0012450,0.070116,0.15053,0.24034,0.33980,0.44814,0.56351,0.68292,0.80197,0.91658,1.0232,1.1201,1.2062,1.2824,1.3501,1.4108,1.4669,1.5202,1.5728,1.6274,1.6874,1.7564,1.8394,1.9425,2.0695,2.2212,2.3880,2.5508,2.6890,2.7916,2.8580,2.8935,2.9062,2.9030,2.8897,2.8704,2.8480,2.8242,2.7996,2.7747,2.7502,2.7262,2.7043,2.6854,2.6714,2.6638,2.6635,2.6710,2.6852,2.7044,2.7256,2.7460,2.7636,2.7771,2.7876,2.7967,2.8065,2.8191,2.8365,2.8598,2.8900,2.9276,2.9728,3.0260,3.0872,-3.1275,-3.0525,-2.9733,-2.8924,-2.8130,-2.7385,-2.6713,-2.6124,-2.5628,-2.5217,-2.4886,-2.4626,-2.4433,-2.4306,-2.4249,-2.4266,-2.4355,-2.4523,-2.4760,-2.5059,-2.5406,-2.5791,-2.6198,-2.6613,-2.7032,-2.7447,-2.7848,-2.8228,-2.8575,-2.8878,-2.9122,-2.9297,-2.9395,-2.9404,-2.9327,-2.9163,-2.8921,-2.8610,-2.8244,-2.7831,-2.7384,-2.6909,-2.6413,-2.5899,-2.5377,-2.4854,-2.4341,-2.3849,-2.3387,-2.2958,-2.2567,-2.2213,-2.1889,-2.1589,-2.1311,-2.1034,-2.0751,-2.0437,-2.0069,-1.9625,-1.9085,-1.8443,-1.7727,-1.6991,-1.6286,-1.5669,-1.5173,-1.4812,-1.4603,-1.4631,-1.5195,-1.8763,2.4267,2.1086,2.0453,2.0255,2.0188,2.0163,2.0154,2.0133,2.0095,2.0032,1.9948,1.9837,1.9706,1.9557,1.9391,1.9198,1.8967,1.8660,1.8186,1.7286,1.4836,0.45442,-0.54494,-0.77029,-0.83791,-0.85520,-0.84753,-0.82423,-0.78908,-0.74453,-0.69385,-0.64059,-0.58949,-0.54573,-0.51340,-0.49465
-0.46130,-0.46891,-0.48384,-0.50288,-0.52235,-0.53958,-0.55293,-0.56071,-0.56250,-0.55797,-0.54766,-0.53222,-0.51251,-0.49007,-0.46569,-0.44081,-0.41563,-0.39040,-0.36465,-0.33804,-0.30954,-0.27823,-0.24340,-0.20378,-0.15848,-0.10661,-0.047250,0.020517,0.097410,0.18438,0.28189,0.38982,0.50751,0.63233,0.76002,0.88617,1.0055,1.1147,1.2120,1.2975,1.3723,1.4383,1.4974,1.5518,1.6034,1.6550,1.7088,1.7680,1.8363,1.9179,2.0168,2.1359,2.2735,2.4205,2.5617,2.6817,2.7720,2.8318,2.8655,2.8793,2.8788,2.8695,2.8549,2.8371,2.8177,2.7974,2.7765,2.7554,2.7348,2.7160,2.7003,2.6896,2.6853,2.6883,2.6985,2.7147,2.7350,2.7560,2.7754,2.7915,2.8037,2.8130,2.8214,2.8311,2.8438,2.8614,2.8851,2.9155,2.9533,2.9990,3.0523,3.1134,-3.1019,-3.0284,-2.9516,-2.8743,-2.7994,-2.7296,-2.6671,-2.6131,-2.5673,-2.5297,-2.4994,-2.4759,-2.4586,-2.4481,-2.4444,-2.4479,-2.4589,-2.4772,-2.5025,-2.5336,-2.5691,-2.6079,-2.6485,-2.6895,-2.7303,-2.7698,-2.8076,-2.8425,-2.8738,-2.9002,-2.9207,-2.9343,-2.9399,-2.9374,-2.9266,-2.9075,-2.8812,-2.8484,-2.8103,-2.7680,-2.7220,-2.6733,-2.6223,-2.5697,-2.5161,-2.4627,-2.4102,-2.3599,-2.3121,-2.2679,-2.2271,-2.1895,-2.1552,-2.1233,-2.0931,-2.0641,-2.0347,-2.0038,-1.9691,-1.9292,-1.8830,-1.8305,-1.7741,-1.7177,-1.6665,-1.6245,-1.5954,-1.5834,-1.5958,-1.6529,-1.8282,-2.4784,2.6476,2.2698,2.1470,2.0923,2.0629,2.0443,2.0301,2.0171,2.0033,1.9879,1.9702,1.9500,1.9273,1.9014,1.8718,1.8365,1.7918,1.7289,1.6277,1.4341,0.97902,0.13610,-0.41114,-0.62764,-0.71798,-0.75464,-0.76098,-0.74801,-0.72125,-0.68396,-0.63956,-0.59241,-0.54714,-0.50806,-0.48008,-0.46441
-0.43898,-0.44694,-0.46171,-0.48009,-0.49918,-0.51621,-0.52927,-0.53757,-0.54013,-0.53679,-0.52825,-0.51476,-0.49747,-0.47749,-0.45577,-0.43287,-0.40954,-0.38546,-0.36056,-0.33385,-0.30487,-0.27267,-0.23608,-0.19438,-0.14624,-0.090831,-0.027106,0.046012,0.12959,0.22423,0.33109,0.44958,0.57835,0.71416,0.85146,0.98428,1.1071,1.2173,1.3135,1.3967,1.4686,1.5315,1.5876,1.6393,1.6886,1.7380,1.7901,1.8478,1.9138,1.9924,2.0864,2.1967,2.3208,2.4504,2.5732,2.6775,2.7567,2.8103,2.8415,2.8557,2.8576,2.8517,2.8409,2.8275,2.8124,2.7962,2.7792,2.7617,2.7444,2.7290,2.7165,2.7091,2.7079,2.7135,2.7259,2.7434,2.7634,2.7834,2.8012,2.8154,2.8259,2.8340,2.8417,2.8511,2.8639,2.8818,2.9059,2.9369,2.9753,3.0215,3.0754,3.1366,-3.0791,-3.0069,-2.9323,-2.8582,-2.7871,-2.7217,-2.6636,-2.6135,-2.5711,-2.5364,-2.5085,-2.4871,-2.4720,-2.4633,-2.4616,-2.4670,-2.4799,-2.4999,-2.5265,-2.5589,-2.5951,-2.6343,-2.6745,-2.7148,-2.7542,-2.7918,-2.8271,-2.8592,-2.8870,-2.9098,-2.9263,-2.9362,-2.9384,-2.9326,-2.9190,-2.8976,-2.8694,-2.8353,-2.7959,-2.7523,-2.7052,-2.6553,-2.6029,-2.5489,-2.4939,-2.4390,-2.3853,-2.3336,-2.2847,-2.2390,-2.1967,-2.1577,-2.1217,-2.0887,-2.0577,-2.0289,-2.0004,-1.9719,-1.9416,-1.9084,-1.8717,-1.8314,-1.7900,-1.7504,-1.7168,-1.6935,-1.6841,-1.6957,-1.7414,-1.8506,-2.1159,-2.7588,2.7516,2.3874,2.2300,2.1492,2.1006,2.0672,2.0407,2.0167,1.9930,1.9682,1.9409,1.9111,1.8775,1.8398,1.7962,1.7429,1.6737,1.5750,1.4162,1.1300,0.62030,0.026956,-0.34844,-0.53853,-0.63328,-0.67825,-0.69288,-0.68714,-0.66653,-0.63502,-0.59594,-0.55379,-0.51321,-0.47862,-0.45396,-0.44077
-0.42235,-0.43029,-0.44447,-0.46194,-0.47990,-0.49623,-0.50905,-0.51709,-0.52032,-0.51815,-0.51089,-0.49945,-0.48426,-0.46643,-0.44680,-0.42585,-0.40396,-0.38088,-0.35625,-0.32950,-0.29984,-0.26619,-0.22775,-0.18346,-0.13209,-0.072577,-0.0036817,0.075925,0.16744,0.27208,0.39033,0.52223,0.66469,0.81267,0.95941,1.0976,1.2219,1.3303,1.4232,1.5020,1.5693,1.6279,1.6799,1.7279,1.7741,1.8209,1.8703,1.9254,1.9889,2.0634,2.1514,2.2529,2.3643,2.4785,2.5856,2.6761,2.7455,2.7930,2.8217,2.8357,2.8393,2.8362,2.8292,2.8197,2.8087,2.7965,2.7833,2.7693,2.7555,2.7432,2.7341,2.7296,2.7312,2.7392,2.7528,2.7703,2.7896,2.8080,2.8234,2.8355,2.8443,2.8511,2.8582,2.8673,2.8803,2.8986,2.9232,2.9549,2.9941,3.0412,3.0957,-3.1260,-3.0587,-2.9876,-2.9151,-2.8440,-2.7766,-2.7149,-2.6605,-2.6137,-2.5743,-2.5421,-2.5163,-2.4970,-2.4836,-2.4769,-2.4770,-2.4842,-2.4989,-2.5205,-2.5486,-2.5818,-2.6188,-2.6581,-2.6978,-2.7373,-2.7754,-2.8111,-2.8439,-2.8729,-2.8975,-2.9169,-2.9300,-2.9363,-2.9352,-2.9265,-2.9104,-2.8871,-2.8572,-2.8217,-2.7811,-2.7363,-2.6880,-2.6365,-2.5826,-2.5269,-2.4704,-2.4142,-2.3588,-2.3059,-2.2558,-2.2087,-2.1654,-2.1256,-2.0890,-2.0558,-2.0257,-1.9981,-1.9724,-1.9479,-1.9235,-1.8985,-1.8717,-1.8442,-1.8168,-1.7932,-1.7752,-1.7687,-1.7780,-1.8114,-1.8846,-2.0337,-2.3383,-2.8905,2.8127,2.4741,2.2974,2.1967,2.1316,2.0846,2.0461,2.0117,1.9778,1.9430,1.9057,1.8653,1.8206,1.7703,1.7112,1.6390,1.5441,1.4085,1.1990,0.86484,0.40529,-0.028690,-0.31468,-0.48019,-0.57218,-0.62049,-0.63996,-0.63909,-0.62310,-0.59590,-0.56152,-0.52347,-0.48727,-0.45644,-0.43446,-0.42325
-0.41096,-0.41866,-0.43187,-0.44812,-0.46484,-0.47989,-0.49206,-0.49988,-0.50323,-0.50186,-0.49595,-0.48603,-0.47278,-0.45701,-0.43913,-0.41966,-0.39899,-0.37659,-0.35217,-0.32491,-0.29424,-0.25904,-0.21845,-0.17118,-0.11605,-0.051652,0.023578,0.11129,0.21293,0.33018,0.46376,0.61201,0.77039,0.93142,1.0859,1.2261,1.3485,1.4520,1.5386,1.6110,1.6722,1.7251,1.7723,1.8160,1.8583,1.9018,1.9484,2.0002,2.0605,2.1307,2.2123,2.3050,2.4051,2.5057,2.5988,2.6776,2.7380,2.7799,2.8058,2.8194,2.8242,2.8237,2.8199,2.8142,2.8070,2.7986,2.7889,2.7784,2.7680,2.7588,2.7527,2.7511,2.7549,2.7643,2.7784,2.7954,2.8131,2.8294,2.8424,2.8523,2.8594,2.8652,2.8716,2.8806,2.8937,2.9125,2.9378,2.9703,3.0105,3.0585,3.1139,-3.1075,-3.0404,-2.9704,-2.8998,-2.8312,-2.7670,-2.7087,-2.6576,-2.6138,-2.5771,-2.5471,-2.5232,-2.5056,-2.4941,-2.4892,-2.4912,-2.5003,-2.5166,-2.5398,-2.5692,-2.6033,-2.6407,-2.6796,-2.7190,-2.7574,-2.7938,-2.8275,-2.8579,-2.8842,-2.9058,-2.9218,-2.9316,-2.9347,-2.9306,-2.9193,-2.9010,-2.8758,-2.8445,-2.8075,-2.7656,-2.7195,-2.6698,-2.6166,-2.5610,-2.5036,-2.4454,-2.3875,-2.3309,-2.2767,-2.2255,-2.1776,-2.1336,-2.0936,-2.0574,-2.0253,-1.9969,-1.9722,-1.9503,-1.9312,-1.9138,-1.8974,-1.8811,-1.8654,-1.8515,-1.8411,-1.8376,-1.8454,-1.8699,-1.9219,-2.0168,-2.1887,-2.4955,-2.9604,2.8538,2.5390,2.3517,2.2354,2.1558,2.0959,2.0462,2.0008,1.9565,1.9115,1.8635,1.8120,1.7557,1.6918,1.6171,1.5250,1.4048,1.2372,0.99537,0.65939,0.27163,-0.063436,-0.29463,-0.44043,-0.52753,-0.57691,-0.59915,-0.60165,-0.58936,-0.56593,-0.53513,-0.50106,-0.46835,-0.44069,-0.42117,-0.41132
-0.40469,-0.41177,-0.42381,-0.43853,-0.45354,-0.46739,-0.47837,-0.48577,-0.48926,-0.48827,-0.48337,-0.47479,-0.46321,-0.44907,-0.43290,-0.41479,-0.39482,-0.37286,-0.34830,-0.32043,-0.28850,-0.25153,-0.20831,-0.15765,-0.097905,-0.027476,0.055610,0.15381,0.26911,0.40313,0.55618,0.72459,0.90012,1.0724,1.2305,1.3680,1.4833,1.5783,1.6561,1.7204,1.7745,1.8212,1.8627,1.9018,1.9402,1.9797,2.0230,2.0718,2.1283,2.1940,2.2695,2.3537,2.4433,2.5322,2.6135,2.6818,2.7343,2.7708,2.7939,2.8069,2.8128,2.8144,2.8135,2.8112,2.8076,2.8027,2.7964,2.7892,2.7818,2.7756,2.7721,2.7727,2.7784,2.7885,2.8024,2.8184,2.8341,2.8479,2.8586,2.8663,2.8718,2.8766,2.8826,2.8915,2.9048,2.9241,2.9500,2.9836,3.0248,3.0739,3.1301,-3.0907,-3.0239,-2.9548,-2.8861,-2.8199,-2.7587,-2.7035,-2.6552,-2.6141,-2.5797,-2.5516,-2.5298,-2.5138,-2.5039,-2.5007,-2.5045,-2.5153,-2.5334,-2.5581,-2.5883,-2.6231,-2.6606,-2.6994,-2.7380,-2.7751,-2.8100,-2.8416,-2.8696,-2.8932,-2.9117,-2.9248,-2.9316,-2.9318,-2.9250,-2.9114,-2.8909,-2.8640,-2.8311,-2.7928,-2.7495,-2.7017,-2.6502,-2.5952,-2.5378,-2.4784,-2.4185,-2.3591,-2.3011,-2.2458,-2.1939,-2.1456,-2.1018,-2.0622,-2.0275,-1.9972,-1.9716,-1.9507,-1.9340,-1.9210,-1.9112,-1.9036,-1.8974,-1.8929,-1.8905,-1.8918,-1.9002,-1.9198,-1.9569,-2.0218,-2.1306,-2.3116,-2.6016,-2.9992,2.8847,2.5893,2.3951,2.2658,2.1729,2.1008,2.0394,1.9832,1.9280,1.8722,1.8134,1.7506,1.6819,1.6043,1.5140,1.4035,1.2617,1.0723,0.81936,0.50597,0.18268,-0.088421,-0.28296,-0.41304,-0.49519,-0.54407,-0.56801,-0.57282,-0.56365,-0.54333,-0.51601,-0.48557,-0.45588,-0.43100,-0.41343,-0.40477
-0.40301,-0.40926,-0.41995,-0.43288,-0.44625,-0.45848,-0.46819,-0.47497,-0.47807,-0.47754,-0.47338,-0.46602,-0.45590,-0.44299,-0.42809,-0.41100,-0.39174,-0.36992,-0.34499,-0.31631,-0.28289,-0.24378,-0.19757,-0.14275,-0.077428,0.00064529,0.094276,0.20642,0.34012,0.49697,0.67477,0.86600,1.0577,1.2351,1.3893,1.5174,1.6212,1.7044,1.7720,1.8271,1.8732,1.9133,1.9495,1.9836,2.0180,2.0542,2.0940,2.1395,2.1921,2.2534,2.3229,2.3996,2.4799,2.5584,2.6294,2.6883,2.7336,2.7655,2.7860,2.7982,2.8049,2.8085,2.8102,2.8110,2.8106,2.8089,2.8057,2.8014,2.7967,2.7931,2.7918,2.7943,2.8009,2.8113,2.8246,2.8388,2.8525,2.8638,2.8722,2.8780,2.8820,2.8860,2.8916,2.9005,2.9141,2.9340,2.9607,2.9952,3.0376,3.0876,-3.1384,-3.0756,-3.0090,-2.9409,-2.8738,-2.8101,-2.7514,-2.6989,-2.6533,-2.6146,-2.5822,-2.5561,-2.5359,-2.5216,-2.5135,-2.5119,-2.5173,-2.5298,-2.5493,-2.5752,-2.6064,-2.6415,-2.6790,-2.7173,-2.7548,-2.7908,-2.8239,-2.8534,-2.8792,-2.9001,-2.9160,-2.9261,-2.9300,-2.9276,-2.9185,-2.9026,-2.8802,-2.8515,-2.8171,-2.7771,-2.7322,-2.6826,-2.6289,-2.5718,-2.5123,-2.4512,-2.3895,-2.3284,-2.2695,-2.2134,-2.1611,-2.1133,-2.0699,-2.0319,-1.9991,-1.9717,-1.9500,-1.9336,-1.9227,-1.9165,-1.9142,-1.9151,-1.9187,-1.9240,-1.9315,-1.9427,-1.9608,-1.9894,-2.0357,-2.1096,-2.2251,-2.4052,-2.6739,-3.0208,2.9093,2.6286,2.4290,2.2881,2.1830,2.0986,2.0255,1.9579,1.8916,1.8245,1.7544,1.6797,1.5988,1.5083,1.4038,1.2781,1.1207,0.92050,0.67278,0.39167,0.11907,-0.10765,-0.27647,-0.39415,-0.47165,-0.51968,-0.54474,-0.55183,-0.54507,-0.52779,-0.50345,-0.47601,-0.44937,-0.42675,-0.41097,-0.40322
-0.40599,-0.41122,-0.42027,-0.43134,-0.44278,-0.45314,-0.46151,-0.46729,-0.47004,-0.46976,-0.46601,-0.45967,-0.45053,-0.43896,-0.42504,-0.40875,-0.38989,-0.36808,-0.34266,-0.31289,-0.27777,-0.23610,-0.18630,-0.12636,-0.053829,0.034391,0.14233,0.27422,0.43341,0.62054,0.82836,1.0413,1.2406,1.4133,1.5547,1.6671,1.7558,1.8259,1.8818,1.9279,1.9665,2.0001,2.0310,2.0608,2.0911,2.1239,2.1607,2.2027,2.2518,2.3089,2.3730,2.4428,2.5146,2.5840,2.6460,2.6971,2.7361,2.7635,2.7817,2.7933,2.8008,2.8060,2.8101,2.8135,2.8159,2.8169,2.8164,2.8146,2.8123,2.8108,2.8114,2.8151,2.8222,2.8324,2.8445,2.8570,2.8683,2.8773,2.8836,2.8877,2.8907,2.8938,2.8991,2.9081,2.9221,2.9425,2.9702,3.0056,3.0490,3.1002,-3.1250,-3.0618,-2.9955,-2.9283,-2.8629,-2.8014,-2.7451,-2.6954,-2.6522,-2.6157,-2.5853,-2.5610,-2.5422,-2.5296,-2.5231,-2.5231,-2.5301,-2.5439,-2.5647,-2.5916,-2.6234,-2.6587,-2.6959,-2.7333,-2.7700,-2.8043,-2.8356,-2.8633,-2.8867,-2.9053,-2.9185,-2.9260,-2.9274,-2.9225,-2.9109,-2.8931,-2.8687,-2.8384,-2.8021,-2.7602,-2.7133,-2.6615,-2.6058,-2.5465,-2.4847,-2.4214,-2.3579,-2.2957,-2.2359,-2.1794,-2.1274,-2.0805,-2.0386,-2.0027,-1.9728,-1.9491,-1.9317,-1.9208,-1.9157,-1.9166,-1.9219,-1.9312,-1.9431,-1.9569,-1.9726,-1.9918,-2.0167,-2.0521,-2.1045,-2.1826,-2.3006,-2.4748,-2.7224,-3.0322,2.9305,2.6601,2.4551,2.3031,2.1852,2.0884,2.0029,1.9236,1.8457,1.7669,1.6852,1.5993,1.5072,1.4056,1.2894,1.1526,0.98721,0.78699,0.55400,0.30550,0.071879,-0.12402,-0.27349,-0.38151,-0.45520,-0.50250,-0.52837,-0.53728,-0.53287,-0.51833,-0.49682,-0.47235,-0.44828,-0.42788,-0.41359,-0.40649
-0.41343,-0.41731,-0.42461,-0.43369,-0.44299,-0.45146,-0.45840,-0.46305,-0.46521,-0.46492,-0.46171,-0.45589,-0.44767,-0.43691,-0.42369,-0.40800,-0.38936,-0.36752,-0.34143,-0.31041,-0.27335,-0.22870,-0.17443,-0.10800,-0.025919,0.076620,0.20488,0.36516,0.56052,0.78594,1.0233,1.2479,1.4405,1.5953,1.7162,1.8095,1.8814,1.9382,1.9835,2.0205,2.0521,2.0803,2.1060,2.1319,2.1589,2.1884,2.2222,2.2615,2.3074,2.3602,2.4195,2.4831,2.5476,2.6091,2.6634,2.7076,2.7412,2.7650,2.7809,2.7920,2.7999,2.8066,2.8129,2.8186,2.8234,2.8267,2.8282,2.8284,2.8281,2.8283,2.8302,2.8347,2.8419,2.8515,2.8622,2.8728,2.8819,2.8887,2.8932,2.8959,2.8977,2.9005,2.9055,2.9145,2.9290,2.9500,2.9785,3.0151,3.0595,3.1118,-3.1128,-3.0493,-2.9833,-2.9172,-2.8534,-2.7940,-2.7401,-2.6927,-2.6519,-2.6173,-2.5890,-2.5663,-2.5492,-2.5381,-2.5330,-2.5343,-2.5426,-2.5579,-2.5797,-2.6072,-2.6394,-2.6747,-2.7114,-2.7480,-2.7833,-2.8161,-2.8457,-2.8713,-2.8926,-2.9088,-2.9196,-2.9247,-2.9236,-2.9164,-2.9028,-2.8827,-2.8566,-2.8241,-2.7858,-2.7418,-2.6926,-2.6385,-2.5803,-2.5185,-2.4543,-2.3890,-2.3240,-2.2609,-2.2005,-2.1442,-2.0931,-2.0474,-2.0079,-1.9749,-1.9487,-1.9292,-1.9169,-1.9115,-1.9130,-1.9204,-1.9332,-1.9498,-1.9693,-1.9902,-2.0122,-2.0370,-2.0666,-2.1065,-2.1623,-2.2423,-2.3587,-2.5250,-2.7534,-3.0355,2.9497,2.6855,2.4739,2.3101,2.1788,2.0690,1.9710,1.8788,1.7888,1.6983,1.6057,1.5100,1.4083,1.2977,1.1740,1.0318,0.86535,0.67281,0.45843,0.23832,0.034352,-0.13825,-0.27336,-0.37366,-0.44417,-0.49084,-0.51768,-0.52838,-0.52621,-0.51431,-0.49556,-0.47380,-0.45237,-0.43393,-0.42108,-0.41426
-0.42488,-0.42746,-0.43281,-0.43963,-0.44672,-0.45338,-0.45863,-0.46221,-0.46376,-0.46320,-0.46020,-0.45501,-0.44733,-0.43739,-0.42478,-0.40950,-0.39095,-0.36872,-0.34192,-0.30936,-0.26997,-0.22166,-0.16175,-0.086657,0.0088670,0.13186,0.29082,0.49311,0.73707,1.0032,1.2569,1.4719,1.6408,1.7688,1.8649,1.9384,1.9947,2.0388,2.0746,2.1042,2.1296,2.1526,2.1746,2.1966,2.2205,2.2475,2.2787,2.3155,2.3584,2.4076,2.4623,2.5207,2.5789,2.6335,2.6812,2.7195,2.7484,2.7689,2.7832,2.7936,2.8022,2.8102,2.8181,2.8257,2.8323,2.8375,2.8409,2.8427,2.8438,2.8452,2.8480,2.8530,2.8599,2.8685,2.8777,2.8864,2.8935,2.8983,2.9011,2.9026,2.9037,2.9060,2.9110,2.9203,2.9352,2.9569,2.9863,3.0238,3.0693,3.1225,-3.1014,-3.0378,-2.9723,-2.9073,-2.8452,-2.7879,-2.7365,-2.6913,-2.6528,-2.6204,-2.5937,-2.5726,-2.5570,-2.5470,-2.5432,-2.5460,-2.5554,-2.5716,-2.5942,-2.6222,-2.6546,-2.6894,-2.7254,-2.7610,-2.7950,-2.8263,-2.8541,-2.8777,-2.8969,-2.9107,-2.9193,-2.9221,-2.9188,-2.9094,-2.8938,-2.8716,-2.8433,-2.8087,-2.7680,-2.7215,-2.6698,-2.6130,-2.5519,-2.4876,-2.4212,-2.3541,-2.2877,-2.2238,-2.1636,-2.1080,-2.0584,-2.0149,-1.9785,-1.9489,-1.9267,-1.9121,-1.9052,-1.9058,-1.9134,-1.9275,-1.9470,-1.9702,-1.9956,-2.0217,-2.0487,-2.0771,-2.1102,-2.1524,-2.2095,-2.2893,-2.4020,-2.5591,-2.7708,-3.0322,2.9686,2.7060,2.4857,2.3084,2.1628,2.0384,1.9263,1.8214,1.7192,1.6181,1.5161,1.4121,1.3035,1.1877,1.0611,0.91912,0.75769,0.57652,0.38132,0.18485,0.0038500,-0.15125,-0.27519,-0.36962,-0.43791,-0.48418,-0.51200,-0.52451,-0.52487,-0.51541,-0.49947,-0.48031,-0.46124,-0.44467,-0.43284,-0.42634
-0.44028,-0.44145,-0.44471,-0.44923,-0.45425,-0.45874,-0.46246,-0.46483,-0.46581,-0.46485,-0.46205,-0.45707,-0.44993,-0.44049,-0.42839,-0.41339,-0.39483,-0.37215,-0.34447,-0.31034,-0.26809,-0.21514,-0.14782,-0.060478,0.054986,0.20959,0.41619,0.67953,0.97952,1.2690,1.5095,1.6914,1.8243,1.9224,1.9952,2.0502,2.0932,2.1273,2.1546,2.1779,2.1985,2.2171,2.2356,2.2550,2.2764,2.3010,2.3301,2.3645,2.4049,2.4511,2.5020,2.5554,2.6083,2.6570,2.6988,2.7323,2.7571,2.7749,2.7877,2.7978,2.8068,2.8160,2.8253,2.8344,2.8424,2.8489,2.8536,2.8566,2.8588,2.8612,2.8646,2.8696,2.8761,2.8836,2.8913,2.8982,2.9033,2.9064,2.9078,2.9082,2.9088,2.9109,2.9159,2.9255,2.9409,2.9633,2.9936,3.0321,3.0786,3.1325,-3.0910,-3.0274,-2.9625,-2.8988,-2.8385,-2.7834,-2.7344,-2.6916,-2.6551,-2.6247,-2.5997,-2.5800,-2.5656,-2.5568,-2.5540,-2.5578,-2.5683,-2.5853,-2.6083,-2.6367,-2.6688,-2.7033,-2.7383,-2.7726,-2.8051,-2.8348,-2.8608,-2.8825,-2.8995,-2.9114,-2.9178,-2.9185,-2.9131,-2.9015,-2.8836,-2.8594,-2.8288,-2.7917,-2.7484,-2.6992,-2.6444,-2.5847,-2.5209,-2.4538,-2.3852,-2.3164,-2.2492,-2.1852,-2.1255,-2.0713,-2.0239,-1.9833,-1.9502,-1.9248,-1.9073,-1.8979,-1.8963,-1.9027,-1.9165,-1.9367,-1.9622,-1.9908,-2.0209,-2.0510,-2.0809,-2.1115,-2.1463,-2.1892,-2.2458,-2.3237,-2.4318,-2.5795,-2.7774,-3.0224,2.9877,2.7226,2.4900,2.2968,2.1342,1.9940,1.8676,1.7495,1.6361,1.5258,1.4163,1.3077,1.1962,1.0802,0.95446,0.81663,0.66365,0.49541,0.31814,0.14158,-0.021845,-0.16364,-0.27931,-0.36922,-0.43558,-0.48204,-0.51114,-0.52557,-0.52824,-0.52140,-0.50822,-0.49171,-0.47482,-0.45996,-0.44897,-0.44265
-0.45948,-0.45899,-0.46022,-0.46246,-0.46520,-0.46776,-0.46992,-0.47117,-0.47132,-0.47004,-0.46728,-0.46253,-0.45577,-0.44680,-0.43510,-0.42029,-0.40179,-0.37869,-0.34988,-0.31393,-0.26818,-0.20928,-0.13145,-0.025968,0.12072,0.32759,0.60961,0.95066,1.2854,1.5545,1.7479,1.8844,1.9814,2.0523,2.1052,2.1456,2.1773,2.2028,2.2240,2.2420,2.2584,2.2739,2.2897,2.3068,2.3262,2.3489,2.3761,2.4089,2.4471,2.4906,2.5381,2.5875,2.6354,2.6792,2.7161,2.7451,2.7667,2.7822,2.7939,2.8037,2.8134,2.8234,2.8337,2.8440,2.8531,2.8605,2.8661,2.8700,2.8730,2.8761,2.8798,2.8847,2.8905,2.8969,2.9030,2.9081,2.9116,2.9133,2.9135,2.9131,2.9133,2.9153,2.9204,2.9304,2.9463,2.9695,3.0005,3.0399,3.0873,-3.1414,-3.0813,-3.0180,-2.9540,-2.8918,-2.8334,-2.7807,-2.7340,-2.6936,-2.6594,-2.6306,-2.6071,-2.5887,-2.5752,-2.5674,-2.5654,-2.5700,-2.5812,-2.5989,-2.6223,-2.6505,-2.6823,-2.7159,-2.7499,-2.7830,-2.8138,-2.8418,-2.8660,-2.8858,-2.9008,-2.9107,-2.9152,-2.9137,-2.9062,-2.8925,-2.8724,-2.8457,-2.8126,-2.7727,-2.7264,-2.6741,-2.6162,-2.5532,-2.4864,-2.4170,-2.3462,-2.2762,-2.2084,-2.1448,-2.0867,-2.0346,-1.9899,-1.9527,-1.9237,-1.9028,-1.8903,-1.8861,-1.8902,-1.9024,-1.9217,-1.9473,-1.9777,-2.0106,-2.0441,-2.0766,-2.1082,-2.1399,-2.1747,-2.2169,-2.2722,-2.3466,-2.4487,-2.5878,-2.7731,-3.0065,3.0083,2.7354,2.4858,2.2721,2.0899,1.9325,1.7909,1.6608,1.5383,1.4218,1.3092,1.1998,1.0898,0.97626,0.85600,0.72560,0.58266,0.42780,0.26633,0.10545,-0.044241,-0.17592,-0.28510,-0.37174,-0.43717,-0.48405,-0.51443,-0.53103,-0.53614,-0.53207,-0.52148,-0.50764,-0.49291,-0.47966,-0.46948,-0.46269
-0.48204,-0.47986,-0.47902,-0.47921,-0.47974,-0.48046,-0.48114,-0.48116,-0.48074,-0.47915,-0.47625,-0.47186,-0.46551,-0.45699,-0.44569,-0.43104,-0.41245,-0.38905,-0.35922,-0.32097,-0.27084,-0.20383,-0.11056,0.023949,0.22475,0.52212,0.91351,1.3076,1.6088,1.8128,1.9488,2.0422,2.1091,2.1585,2.1956,2.2247,2.2479,2.2667,2.2830,2.2970,2.3103,2.3233,2.3369,2.3522,2.3700,2.3915,2.4174,2.4483,2.4847,2.5258,2.5705,2.6163,2.6603,2.6995,2.7323,2.7576,2.7764,2.7902,2.8009,2.8107,2.8208,2.8315,2.8428,2.8537,2.8636,2.8718,2.8780,2.8826,2.8863,2.8897,2.8936,2.8982,2.9033,2.9085,2.9132,2.9166,2.9186,2.9191,2.9185,2.9175,2.9174,2.9193,2.9247,2.9350,2.9516,2.9754,3.0074,3.0475,3.0956,-3.1326,-3.0724,-3.0097,-2.9469,-2.8863,-2.8304,-2.7800,-2.7359,-2.6977,-2.6654,-2.6383,-2.6160,-2.5985,-2.5858,-2.5788,-2.5775,-2.5826,-2.5941,-2.6122,-2.6357,-2.6636,-2.6948,-2.7275,-2.7602,-2.7919,-2.8212,-2.8475,-2.8698,-2.8878,-2.9009,-2.9088,-2.9113,-2.9078,-2.8983,-2.8824,-2.8598,-2.8304,-2.7943,-2.7514,-2.7019,-2.6462,-2.5848,-2.5185,-2.4489,-2.3770,-2.3045,-2.2336,-2.1662,-2.1036,-2.0473,-1.9981,-1.9568,-1.9237,-1.8992,-1.8831,-1.8756,-1.8767,-1.8862,-1.9036,-1.9281,-1.9584,-1.9926,-2.0284,-2.0641,-2.0980,-2.1297,-2.1612,-2.1952,-2.2358,-2.2883,-2.3586,-2.4545,-2.5840,-2.7584,-2.9825,3.0320,2.7447,2.4704,2.2300,2.0245,1.8483,1.6930,1.5542,1.4266,1.3090,1.1981,1.0918,0.98688,0.87986,0.76753,0.64618,0.51390,0.37133,0.22282,0.074614,-0.064488,-0.18841,-0.29280,-0.37723,-0.44225,-0.49002,-0.52225,-0.54088,-0.54841,-0.54716,-0.53945,-0.52794,-0.51517,-0.50327,-0.49355,-0.48656
-0.50813,-0.50414,-0.50135,-0.49937,-0.49797,-0.49712,-0.49632,-0.49542,-0.49427,-0.49245,-0.48983,-0.48565,-0.47976,-0.47159,-0.46078,-0.44669,-0.42832,-0.40461,-0.37383,-0.33306,-0.27748,-0.19859,-0.080574,0.10577,0.41037,0.86298,1.3368,1.6777,1.8873,2.0183,2.1054,2.1661,2.2101,2.2432,2.2690,2.2894,2.3061,2.3202,2.3325,2.3437,2.3546,2.3655,2.3777,2.3917,2.4083,2.4286,2.4535,2.4833,2.5182,2.5574,2.5996,2.6420,2.6822,2.7178,2.7468,2.7690,2.7855,2.7978,2.8080,2.8177,2.8282,2.8396,2.8515,2.8631,2.8736,2.8822,2.8890,2.8942,2.8984,2.9021,2.9059,2.9102,2.9146,2.9186,2.9219,2.9241,2.9248,2.9242,2.9228,2.9215,2.9211,2.9232,2.9289,2.9397,2.9568,2.9814,3.0140,3.0550,3.1035,-3.1244,-3.0645,-3.0027,-2.9413,-2.8828,-2.8293,-2.7814,-2.7398,-2.7041,-2.6735,-2.6479,-2.6265,-2.6097,-2.5976,-2.5909,-2.5899,-2.5954,-2.6073,-2.6254,-2.6488,-2.6763,-2.7066,-2.7382,-2.7695,-2.7996,-2.8273,-2.8517,-2.8723,-2.8884,-2.8997,-2.9058,-2.9062,-2.9008,-2.8891,-2.8708,-2.8456,-2.8133,-2.7740,-2.7275,-2.6743,-2.6148,-2.5498,-2.4803,-2.4077,-2.3337,-2.2603,-2.1892,-2.1226,-2.0618,-2.0081,-1.9624,-1.9253,-1.8966,-1.8766,-1.8655,-1.8632,-1.8694,-1.8840,-1.9063,-1.9350,-1.9689,-2.0059,-2.0438,-2.0800,-2.1136,-2.1450,-2.1754,-2.2074,-2.2458,-2.2947,-2.3599,-2.4483,-2.5684,-2.7315,-2.9482,3.0610,2.7497,2.4385,2.1627,1.9299,1.7360,1.5714,1.4297,1.3037,1.1901,1.0860,0.98730,0.89101,0.79278,0.68940,0.57748,0.45551,0.32367,0.18600,0.047704,-0.083330,-0.20157,-0.30288,-0.38600,-0.45114,-0.50004,-0.53402,-0.55513,-0.56532,-0.56665,-0.56149,-0.55228,-0.54136,-0.53058,-0.52135,-0.51379
-0.53722,-0.53166,-0.52670,-0.52302,-0.52002,-0.51751,-0.51562,-0.51405,-0.51245,-0.51063,-0.50813,-0.50439,-0.49917,-0.49187,-0.48191,-0.46860,-0.45096,-0.42753,-0.39602,-0.35258,-0.28961,-0.19270,-0.030564,0.26540,0.78609,1.3819,1.7661,1.9736,2.0945,2.1712,2.2233,2.2609,2.2889,2.3106,2.3277,2.3418,2.3538,2.3641,2.3736,2.3826,2.3916,2.4013,2.4124,2.4253,2.4413,2.4609,2.4849,2.5137,2.5473,2.5848,2.6245,2.6643,2.7013,2.7334,2.7592,2.7788,2.7934,2.8046,2.8143,2.8242,2.8351,2.8471,2.8595,2.8716,2.8825,2.8916,2.8989,2.9047,2.9092,2.9132,2.9171,2.9208,2.9245,2.9276,2.9296,2.9306,2.9303,2.9288,2.9268,2.9253,2.9250,2.9272,2.9333,2.9445,2.9622,2.9874,3.0206,3.0622,3.1111,-3.1169,-3.0576,-2.9971,-2.9376,-2.8815,-2.8306,-2.7856,-2.7463,-2.7127,-2.6838,-2.6593,-2.6387,-2.6220,-2.6103,-2.6037,-2.6029,-2.6085,-2.6205,-2.6383,-2.6613,-2.6882,-2.7175,-2.7478,-2.7778,-2.8062,-2.8321,-2.8547,-2.8734,-2.8877,-2.8973,-2.9014,-2.9000,-2.8924,-2.8783,-2.8574,-2.8293,-2.7937,-2.7507,-2.7005,-2.6432,-2.5798,-2.5111,-2.4384,-2.3633,-2.2876,-2.2136,-2.1431,-2.0781,-2.0200,-1.9699,-1.9281,-1.8953,-1.8714,-1.8563,-1.8502,-1.8529,-1.8640,-1.8830,-1.9092,-1.9415,-1.9781,-2.0169,-2.0553,-2.0915,-2.1241,-2.1539,-2.1819,-2.2115,-2.2464,-2.2907,-2.3494,-2.4294,-2.5383,-2.6900,-2.8998,3.0994,2.7490,2.3807,2.0565,1.7957,1.5918,1.4270,1.2902,1.1732,1.0705,0.97739,0.89001,0.80402,0.71538,0.62143,0.51887,0.40624,0.28355,0.15452,0.023803,-0.10145,-0.21591,-0.31519,-0.39783,-0.46378,-0.51429,-0.55032,-0.57382,-0.58650,-0.59034,-0.58758,-0.58057,-0.57130,-0.56142,-0.55230,-0.54427
-0.56910,-0.56193,-0.55570,-0.55018,-0.54582,-0.54224,-0.53973,-0.53747,-0.53592,-0.53432,-0.53228,-0.52940,-0.52528,-0.51916,-0.51066,-0.49897,-0.48274,-0.46069,-0.42948,-0.38351,-0.31139,-0.18422,0.075540,0.66226,1.4555,1.8823,2.0757,2.1783,2.2401,2.2818,2.3113,2.3330,2.3499,2.3635,2.3745,2.3841,2.3925,2.4000,2.4073,2.4147,2.4224,2.4312,2.4415,2.4539,2.4693,2.4883,2.5117,2.5398,2.5722,2.6082,2.6458,2.6828,2.7169,2.7458,2.7690,2.7863,2.7993,2.8097,2.8192,2.8293,2.8407,2.8532,2.8661,2.8787,2.8901,2.8998,2.9076,2.9138,2.9189,2.9232,2.9269,2.9305,2.9333,2.9354,2.9365,2.9365,2.9353,2.9332,2.9308,2.9291,2.9289,2.9313,2.9378,2.9496,2.9677,2.9935,3.0274,3.0691,3.1182,-3.1103,-3.0521,-2.9931,-2.9359,-2.8826,-2.8346,-2.7922,-2.7554,-2.7237,-2.6962,-2.6724,-2.6521,-2.6356,-2.6237,-2.6168,-2.6161,-2.6216,-2.6334,-2.6512,-2.6734,-2.6994,-2.7276,-2.7566,-2.7849,-2.8116,-2.8357,-2.8566,-2.8735,-2.8860,-2.8936,-2.8959,-2.8923,-2.8826,-2.8659,-2.8420,-2.8105,-2.7713,-2.7242,-2.6698,-2.6083,-2.5407,-2.4686,-2.3928,-2.3156,-2.2389,-2.1650,-2.0961,-2.0336,-1.9791,-1.9327,-1.8954,-1.8673,-1.8483,-1.8382,-1.8369,-1.8441,-1.8595,-1.8824,-1.9120,-1.9469,-1.9851,-2.0243,-2.0624,-2.0974,-2.1283,-2.1556,-2.1809,-2.2073,-2.2374,-2.2759,-2.3268,-2.3964,-2.4925,-2.6297,-2.8298,-3.1287,2.7388,2.2754,1.8896,1.6121,1.4136,1.2631,1.1431,1.0433,0.95648,0.87706,0.80181,0.72696,0.64869,0.56361,0.46938,0.36484,0.24948,0.12693,0.0014520,-0.11997,-0.23205,-0.33048,-0.41351,-0.48069,-0.53299,-0.57110,-0.59697,-0.61194,-0.61816,-0.61764,-0.61243,-0.60453,-0.59534,-0.58588,-0.57719
-0.60387,-0.59544,-0.58781,-0.58135,-0.57587,-0.57169,-0.56875,-0.56654,-0.56525,-0.56440,-0.56339,-0.56190,-0.55948,-0.55542,-0.54951,-0.54073,-0.52769,-0.50918,-0.48119,-0.43581,-0.35267,-0.16558,0.42823,1.5918,2.0424,2.1969,2.2705,2.3136,2.3420,2.3618,2.3764,2.3880,2.3972,2.4048,2.4114,2.4174,2.4231,2.4286,2.4345,2.4406,2.4476,2.4556,2.4654,2.4775,2.4927,2.5113,2.5342,2.5618,2.5930,2.6274,2.6631,2.6976,2.7288,2.7551,2.7757,2.7912,2.8029,2.8127,2.8221,2.8326,2.8444,2.8575,2.8709,2.8840,2.8961,2.9064,2.9149,2.9218,2.9273,2.9319,2.9356,2.9388,2.9411,2.9425,2.9428,2.9419,2.9400,2.9376,2.9350,2.9332,2.9332,2.9360,2.9427,2.9550,2.9736,2.9999,3.0341,3.0759,3.1246,-3.1046,-3.0479,-2.9911,-2.9364,-2.8861,-2.8411,-2.8015,-2.7671,-2.7369,-2.7105,-2.6871,-2.6668,-2.6500,-2.6376,-2.6306,-2.6295,-2.6348,-2.6462,-2.6632,-2.6851,-2.7101,-2.7371,-2.7645,-2.7911,-2.8159,-2.8383,-2.8573,-2.8724,-2.8829,-2.8888,-2.8889,-2.8833,-2.8709,-2.8514,-2.8242,-2.7889,-2.7455,-2.6941,-2.6349,-2.5691,-2.4976,-2.4218,-2.3435,-2.2650,-2.1881,-2.1155,-2.0488,-1.9896,-1.9388,-1.8972,-1.8648,-1.8416,-1.8273,-1.8219,-1.8251,-1.8365,-1.8557,-1.8819,-1.9139,-1.9503,-1.9892,-2.0280,-2.0649,-2.0975,-2.1260,-2.1503,-2.1719,-2.1936,-2.2183,-2.2493,-2.2906,-2.3473,-2.4264,-2.5427,-2.7249,-3.0383,2.7089,2.0733,1.6354,1.3776,1.2118,1.0917,0.99870,0.92001,0.85092,0.78696,0.72459,0.66055,0.59189,0.51550,0.42873,0.33038,0.22054,0.10237,-0.019621,-0.13911,-0.25054,-0.34925,-0.43353,-0.50240,-0.55630,-0.59648,-0.62445,-0.64162,-0.64996,-0.65128,-0.64748,-0.64053,-0.63178,-0.62234,-0.61288
-0.64114,-0.63184,-0.62348,-0.61629,-0.61050,-0.60612,-0.60324,-0.60174,-0.60146,-0.60186,-0.60271,-0.60352,-0.60390,-0.60347,-0.60174,-0.59826,-0.59239,-0.58260,-0.56504,-0.53191,-0.45092,-0.080260,1.9176,2.2610,2.3395,2.3737,2.3929,2.4051,2.4138,2.4203,2.4256,2.4299,2.4335,2.4369,2.4400,2.4435,2.4472,2.4512,2.4559,2.4613,2.4677,2.4753,2.4848,2.4967,2.5116,2.5301,2.5527,2.5793,2.6099,2.6428,2.6764,2.7085,2.7372,2.7608,2.7792,2.7928,2.8036,2.8129,2.8225,2.8335,2.8460,2.8596,2.8738,2.8877,2.9003,2.9114,2.9207,2.9283,2.9344,2.9393,2.9432,2.9462,2.9480,2.9489,2.9486,2.9471,2.9449,2.9420,2.9395,2.9378,2.9380,2.9411,2.9483,2.9608,2.9799,3.0065,3.0407,3.0825,3.1305,-3.1000,-3.0453,-2.9911,-2.9395,-2.8924,-2.8502,-2.8134,-2.7810,-2.7522,-2.7264,-2.7031,-2.6823,-2.6651,-2.6519,-2.6444,-2.6429,-2.6478,-2.6588,-2.6754,-2.6962,-2.7202,-2.7456,-2.7715,-2.7964,-2.8195,-2.8400,-2.8570,-2.8701,-2.8788,-2.8825,-2.8806,-2.8724,-2.8572,-2.8344,-2.8033,-2.7638,-2.7158,-2.6597,-2.5958,-2.5255,-2.4498,-2.3709,-2.2906,-2.2116,-2.1357,-2.0652,-2.0018,-1.9465,-1.9006,-1.8640,-1.8363,-1.8180,-1.8084,-1.8074,-1.8147,-1.8299,-1.8520,-1.8804,-1.9140,-1.9511,-1.9895,-2.0272,-2.0617,-2.0918,-2.1168,-2.1371,-2.1541,-2.1705,-2.1884,-2.2104,-2.2393,-2.2791,-2.3351,-2.4195,-2.5623,-2.8654,2.6133,1.6664,1.2895,1.1147,1.0070,0.92774,0.86405,0.80840,0.75764,0.70847,0.65878,0.60529,0.54504,0.47573,0.39482,0.30172,0.19557,0.080221,-0.040707,-0.15986,-0.27227,-0.37245,-0.45838,-0.52891,-0.58475,-0.62704,-0.65674,-0.67581,-0.68562,-0.68810,-0.68538,-0.67912,-0.67050,-0.66090,-0.65101
-0.68103,-0.67136,-0.66285,-0.65546,-0.64984,-0.64608,-0.64417,-0.64393,-0.64561,-0.64834,-0.65207,-0.65645,-0.66158,-0.66684,-0.67274,-0.67937,-0.68717,-0.69791,-0.71449,-0.74755,-0.88195,2.7402,2.5431,2.5054,2.4884,2.4785,2.4723,2.4683,2.4655,2.4637,2.4624,2.4614,2.4610,2.4612,2.4620,2.4635,2.4657,2.4685,2.4723,2.4771,2.4831,2.4905,2.5000,2.5117,2.5267,2.5451,2.5673,2.5934,2.6229,2.6542,2.6857,2.7155,2.7414,2.7625,2.7789,2.7911,2.8010,2.8103,2.8202,2.8318,2.8449,2.8594,2.8744,2.8891,2.9027,2.9147,2.9248,2.9333,2.9402,2.9455,2.9496,2.9526,2.9543,2.9547,2.9540,2.9523,2.9498,2.9470,2.9445,2.9432,2.9436,2.9470,2.9546,2.9675,2.9868,3.0133,3.0474,3.0886,3.1355,-3.0968,-3.0444,-2.9930,-2.9448,-2.9009,-2.8619,-2.8275,-2.7971,-2.7693,-2.7436,-2.7200,-2.6985,-2.6804,-2.6666,-2.6584,-2.6563,-2.6608,-2.6713,-2.6870,-2.7070,-2.7296,-2.7537,-2.7778,-2.8009,-2.8220,-2.8405,-2.8556,-2.8668,-2.8734,-2.8748,-2.8705,-2.8594,-2.8409,-2.8144,-2.7790,-2.7348,-2.6816,-2.6203,-2.5515,-2.4766,-2.3975,-2.3162,-2.2351,-2.1563,-2.0823,-2.0150,-1.9557,-1.9055,-1.8644,-1.8328,-1.8101,-1.7965,-1.7914,-1.7943,-1.8053,-1.8233,-1.8477,-1.8777,-1.9120,-1.9488,-1.9859,-2.0215,-2.0532,-2.0796,-2.1004,-2.1162,-2.1278,-2.1374,-2.1467,-2.1573,-2.1709,-2.1891,-2.2144,-2.2491,-2.3048,-2.4426,1.8310,1.0260,0.92225,0.86427,0.82017,0.78192,0.74634,0.71252,0.67879,0.64339,0.60451,0.55988,0.50742,0.44423,0.36846,0.27861,0.17434,0.059291,-0.062385,-0.18340,-0.29788,-0.40033,-0.48856,-0.56116,-0.61888,-0.66258,-0.69356,-0.71342,-0.72436,-0.72786,-0.72585,-0.71988,-0.71136,-0.70168,-0.69122
-0.72355,-0.71407,-0.70580,-0.69917,-0.69437,-0.69196,-0.69192,-0.69412,-0.69840,-0.70496,-0.71323,-0.72339,-0.73588,-0.75085,-0.76958,-0.79496,-0.83190,-0.89254,-1.0169,-1.3991,-2.7674,2.8624,2.6895,2.6139,2.5715,2.5446,2.5262,2.5130,2.5031,2.4954,2.4896,2.4850,2.4816,2.4795,2.4783,2.4782,2.4791,2.4813,2.4844,2.4887,2.4945,2.5019,2.5113,2.5233,2.5380,2.5564,2.5783,2.6038,2.6319,2.6616,2.6911,2.7183,2.7417,2.7605,2.7748,2.7859,2.7953,2.8044,2.8149,2.8271,2.8412,2.8566,2.8727,2.8884,2.9031,2.9162,2.9275,2.9368,2.9445,2.9505,2.9550,2.9582,2.9600,2.9603,2.9594,2.9577,2.9553,2.9526,2.9504,2.9493,2.9502,2.9539,2.9617,2.9748,2.9941,3.0205,3.0541,3.0942,3.1396,-3.0949,-3.0453,-2.9972,-2.9524,-2.9119,-2.8758,-2.8438,-2.8146,-2.7876,-2.7619,-2.7375,-2.7153,-2.6961,-2.6815,-2.6725,-2.6697,-2.6736,-2.6835,-2.6984,-2.7173,-2.7387,-2.7611,-2.7834,-2.8046,-2.8239,-2.8403,-2.8533,-2.8623,-2.8666,-2.8655,-2.8583,-2.8441,-2.8218,-2.7908,-2.7506,-2.7010,-2.6424,-2.5757,-2.5018,-2.4231,-2.3409,-2.2581,-2.1769,-2.0999,-2.0290,-1.9659,-1.9115,-1.8665,-1.8306,-1.8040,-1.7864,-1.7772,-1.7760,-1.7825,-1.7960,-1.8164,-1.8423,-1.8732,-1.9072,-1.9430,-1.9782,-2.0108,-2.0389,-2.0612,-2.0776,-2.0875,-2.0926,-2.0939,-2.0926,-2.0894,-2.0847,-2.0762,-2.0594,-2.0230,-1.9264,-1.5446,0.016721,0.51850,0.62476,0.65746,0.66448,0.65974,0.64874,0.63355,0.61414,0.59047,0.56133,0.52486,0.47857,0.42054,0.34819,0.26001,0.15593,0.039148,-0.085538,-0.21025,-0.32862,-0.43438,-0.52528,-0.59952,-0.65868,-0.70319,-0.73466,-0.75507,-0.76637,-0.76997,-0.76803,-0.76224,-0.75368,-0.74404,-0.73376
-0.76864,-0.76003,-0.75277,-0.74751,-0.74462,-0.74458,-0.74737,-0.75314,-0.76196,-0.77391,-0.78905,-0.80802,-0.83165,-0.86237,-0.90364,-0.96310,-1.0585,-1.2360,-1.6372,-2.4705,-3.1250,2.8813,2.7482,2.6716,2.6226,2.5886,2.5639,2.5453,2.5307,2.5192,2.5099,2.5025,2.4969,2.4926,2.4898,2.4886,2.4886,2.4900,2.4926,2.4966,2.5022,2.5097,2.5192,2.5312,2.5462,2.5644,2.5860,2.6106,2.6375,2.6654,2.6925,2.7172,2.7379,2.7545,2.7671,2.7769,2.7859,2.7954,2.8065,2.8195,2.8347,2.8513,2.8685,2.8854,2.9013,2.9158,2.9282,2.9388,2.9474,2.9543,2.9594,2.9629,2.9650,2.9655,2.9649,2.9634,2.9613,2.9591,2.9574,2.9567,2.9579,2.9620,2.9701,2.9832,3.0023,3.0282,3.0609,3.0996,-3.1403,-3.0941,-3.0478,-3.0031,-2.9619,-2.9246,-2.8914,-2.8615,-2.8335,-2.8067,-2.7808,-2.7555,-2.7321,-2.7119,-2.6963,-2.6866,-2.6831,-2.6863,-2.6955,-2.7097,-2.7273,-2.7472,-2.7681,-2.7886,-2.8078,-2.8248,-2.8391,-2.8499,-2.8566,-2.8582,-2.8543,-2.8438,-2.8257,-2.7990,-2.7630,-2.7173,-2.6618,-2.5974,-2.5252,-2.4466,-2.3641,-2.2800,-2.1968,-2.1172,-2.0432,-1.9766,-1.9184,-1.8694,-1.8299,-1.7996,-1.7781,-1.7649,-1.7596,-1.7619,-1.7713,-1.7872,-1.8090,-1.8357,-1.8663,-1.8997,-1.9334,-1.9661,-1.9953,-2.0194,-2.0368,-2.0473,-2.0509,-2.0481,-2.0397,-2.0264,-2.0073,-1.9803,-1.9403,-1.8751,-1.7557,-1.5055,-0.92085,-0.14828,0.25184,0.42076,0.50153,0.54232,0.56261,0.57030,0.57011,0.56306,0.54963,0.52888,0.49943,0.45854,0.40421,0.33386,0.24571,0.13957,0.018882,-0.11131,-0.24202,-0.36555,-0.47532,-0.56874,-0.64446,-0.70399,-0.74855,-0.77978,-0.79987,-0.81057,-0.81403,-0.81190,-0.80604,-0.79772,-0.78825,-0.77829
-0.81645,-0.80920,-0.80381,-0.80089,-0.80094,-0.80424,-0.81128,-0.82207,-0.83727,-0.85706,-0.88181,-0.91366,-0.95512,-1.0098,-1.0878,-1.2063,-1.4039,-1.7645,-2.3441,-2.8922,3.0665,2.8864,2.7778,2.7062,2.6560,2.6189,2.5908,2.5688,2.5511,2.5367,2.5249,2.5152,2.5075,2.5016,2.4976,2.4952,2.4943,2.4949,2.4973,2.5011,2.5068,2.5143,2.5241,2.5363,2.5513,2.5694,2.5906,2.6142,2.6396,2.6655,2.6902,2.7121,2.7303,2.7444,2.7554,2.7645,2.7732,2.7830,2.7948,2.8091,2.8253,2.8432,2.8618,2.8801,2.8975,2.9133,2.9272,2.9391,2.9489,2.9567,2.9626,2.9669,2.9695,2.9706,2.9706,2.9696,2.9682,2.9667,2.9655,2.9655,2.9672,2.9716,2.9797,2.9926,3.0113,3.0363,3.0677,3.1046,-3.1375,-3.0945,-3.0515,-3.0104,-2.9728,-2.9388,-2.9082,-2.8802,-2.8532,-2.8265,-2.7997,-2.7736,-2.7489,-2.7276,-2.7108,-2.7002,-2.6964,-2.6991,-2.7075,-2.7207,-2.7372,-2.7557,-2.7747,-2.7932,-2.8103,-2.8252,-2.8370,-2.8454,-2.8493,-2.8479,-2.8409,-2.8263,-2.8037,-2.7719,-2.7300,-2.6781,-2.6165,-2.5458,-2.4680,-2.3853,-2.3003,-2.2155,-2.1337,-2.0568,-1.9871,-1.9257,-1.8733,-1.8302,-1.7964,-1.7714,-1.7544,-1.7455,-1.7438,-1.7490,-1.7607,-1.7781,-1.8007,-1.8276,-1.8574,-1.8891,-1.9205,-1.9500,-1.9752,-1.9944,-2.0065,-2.0106,-2.0066,-1.9951,-1.9759,-1.9487,-1.9116,-1.8611,-1.7879,-1.6762,-1.4902,-1.1695,-0.68095,-0.19937,0.11138,0.28569,0.38823,0.44938,0.48697,0.50955,0.52162,0.52486,0.52025,0.50695,0.48316,0.44693,0.39542,0.32558,0.23583,0.12534,-0.0024144,-0.14092,-0.27983,-0.41002,-0.52412,-0.61978,-0.69611,-0.75517,-0.79846,-0.82844,-0.84732,-0.85680,-0.85950,-0.85706,-0.85122,-0.84316,-0.83417,-0.82496
-0.86716,-0.86194,-0.85922,-0.85966,-0.86355,-0.87151,-0.88421,-0.90205,-0.92554,-0.95588,-0.99490,-1.0446,-1.1106,-1.2016,-1.3316,-1.5313,-1.8424,-2.2771,-2.7228,-3.0498,3.0234,2.8875,2.7947,2.7281,2.6786,2.6406,2.6105,2.5862,2.5663,2.5495,2.5355,2.5240,2.5147,2.5073,2.5020,2.4986,2.4970,2.4970,2.4989,2.5027,2.5083,2.5160,2.5260,2.5387,2.5538,2.5715,2.5922,2.6146,2.6384,2.6621,2.6842,2.7032,2.7187,2.7305,2.7400,2.7483,2.7570,2.7673,2.7802,2.7956,2.8131,2.8325,2.8526,2.8725,2.8914,2.9088,2.9243,2.9376,2.9487,2.9577,2.9648,2.9700,2.9735,2.9756,2.9764,2.9765,2.9760,2.9754,2.9752,2.9759,2.9781,2.9828,2.9908,3.0033,3.0211,3.0450,3.0746,3.1094,-3.1355,-3.0956,-3.0560,-3.0187,-2.9847,-2.9538,-2.9258,-2.8993,-2.8730,-2.8462,-2.8187,-2.7914,-2.7655,-2.7430,-2.7255,-2.7141,-2.7097,-2.7117,-2.7195,-2.7318,-2.7471,-2.7638,-2.7809,-2.7973,-2.8120,-2.8246,-2.8338,-2.8393,-2.8403,-2.8355,-2.8243,-2.8051,-2.7773,-2.7393,-2.6912,-2.6324,-2.5640,-2.4872,-2.4043,-2.3184,-2.2321,-2.1482,-2.0691,-1.9966,-1.9323,-1.8770,-1.8311,-1.7941,-1.7659,-1.7458,-1.7334,-1.7281,-1.7295,-1.7371,-1.7503,-1.7687,-1.7914,-1.8177,-1.8464,-1.8760,-1.9045,-1.9303,-1.9509,-1.9649,-1.9707,-1.9678,-1.9558,-1.9345,-1.9035,-1.8617,-1.8069,-1.7337,-1.6316,-1.4846,-1.2666,-0.95428,-0.57449,-0.22634,0.027611,0.19526,0.30589,0.37967,0.43001,0.46412,0.48644,0.49878,0.50178,0.49484,0.47632,0.44369,0.39402,0.32357,0.23010,0.11237,-0.025761,-0.17591,-0.32517,-0.46309,-0.58167,-0.67849,-0.75420,-0.81114,-0.85223,-0.87958,-0.89635,-0.90454,-0.90635,-0.90333,-0.89752,-0.88971,-0.88165,-0.87399
-0.92057,-0.91853,-0.91920,-0.92359,-0.93256,-0.94677,-0.96659,-0.99333,-1.0280,-1.0720,-1.1291,-1.2031,-1.3012,-1.4363,-1.6267,-1.8935,-2.2377,-2.6018,-2.9070,-3.1295,2.9976,2.8863,2.8047,2.7429,2.6947,2.6564,2.6253,2.5992,2.5774,2.5589,2.5430,2.5296,2.5186,2.5100,2.5034,2.4989,2.4966,2.4961,2.4979,2.5014,2.5072,2.5152,2.5255,2.5384,2.5535,2.5711,2.5909,2.6123,2.6342,2.6553,2.6745,2.6906,2.7032,2.7130,2.7210,2.7286,2.7374,2.7484,2.7622,2.7790,2.7981,2.8189,2.8406,2.8623,2.8829,2.9021,2.9192,2.9342,2.9469,2.9574,2.9658,2.9724,2.9772,2.9806,2.9827,2.9840,2.9849,2.9856,2.9865,2.9880,2.9908,2.9956,3.0034,3.0151,3.0319,3.0541,3.0818,3.1142,-3.1335,-3.0969,-3.0609,-3.0274,-2.9968,-2.9690,-2.9433,-2.9182,-2.8926,-2.8656,-2.8373,-2.8088,-2.7817,-2.7583,-2.7398,-2.7280,-2.7230,-2.7247,-2.7317,-2.7430,-2.7568,-2.7719,-2.7868,-2.8010,-2.8134,-2.8229,-2.8294,-2.8317,-2.8290,-2.8200,-2.8041,-2.7794,-2.7453,-2.7005,-2.6447,-2.5787,-2.5031,-2.4205,-2.3341,-2.2461,-2.1604,-2.0791,-2.0043,-1.9377,-1.8802,-1.8315,-1.7920,-1.7612,-1.7384,-1.7231,-1.7147,-1.7128,-1.7168,-1.7260,-1.7402,-1.7590,-1.7814,-1.8065,-1.8334,-1.8605,-1.8856,-1.9073,-1.9232,-1.9317,-1.9311,-1.9204,-1.8995,-1.8681,-1.8251,-1.7700,-1.6987,-1.6064,-1.4843,-1.3200,-1.0993,-0.82297,-0.52052,-0.24485,-0.027327,0.13174,0.24603,0.32853,0.38864,0.43225,0.46316,0.48357,0.49339,0.49268,0.47887,0.44948,0.40063,0.32833,0.22866,0.10020,-0.052033,-0.21782,-0.38042,-0.52650,-0.64799,-0.74436,-0.81744,-0.87078,-0.90834,-0.93276,-0.94696,-0.95315,-0.95389,-0.95054,-0.94478,-0.93787,-0.93108,-0.92529
-0.97724,-0.97865,-0.98384,-0.99342,-1.0084,-1.0298,-1.0588,-1.0961,-1.1445,-1.2061,-1.2845,-1.3865,-1.5209,-1.6979,-1.9293,-2.2117,-2.5136,-2.7889,-3.0104,3.1051,2.9796,2.8845,2.8112,2.7533,2.7067,2.6684,2.6364,2.6092,2.5857,2.5653,2.5477,2.5326,2.5201,2.5099,2.5022,2.4968,2.4937,2.4927,2.4941,2.4976,2.5036,2.5120,2.5226,2.5357,2.5510,2.5684,2.5872,2.6071,2.6269,2.6453,2.6613,2.6742,2.6840,2.6917,2.6983,2.7055,2.7144,2.7263,2.7414,2.7594,2.7801,2.8026,2.8260,2.8495,2.8719,2.8930,2.9120,2.9288,2.9432,2.9555,2.9657,2.9739,2.9804,2.9854,2.9894,2.9924,2.9950,2.9972,2.9993,3.0018,3.0052,3.0100,3.0172,3.0281,3.0435,3.0641,3.0897,3.1194,-3.1313,-3.0978,-3.0656,-3.0356,-3.0085,-2.9837,-2.9602,-2.9367,-2.9115,-2.8843,-2.8552,-2.8257,-2.7976,-2.7730,-2.7542,-2.7421,-2.7368,-2.7380,-2.7444,-2.7544,-2.7668,-2.7799,-2.7926,-2.8041,-2.8134,-2.8201,-2.8231,-2.8218,-2.8147,-2.8008,-2.7792,-2.7480,-2.7065,-2.6538,-2.5899,-2.5157,-2.4337,-2.3462,-2.2570,-2.1692,-2.0858,-2.0091,-1.9410,-1.8813,-1.8308,-1.7895,-1.7566,-1.7318,-1.7142,-1.7034,-1.6984,-1.6992,-1.7051,-1.7157,-1.7304,-1.7491,-1.7706,-1.7944,-1.8191,-1.8431,-1.8648,-1.8822,-1.8931,-1.8954,-1.8879,-1.8695,-1.8398,-1.7984,-1.7449,-1.6775,-1.5936,-1.4887,-1.3566,-1.1900,-0.98339,-0.74393,-0.49282,-0.26115,-0.067091,0.085106,0.20242,0.29168,0.35970,0.41176,0.45088,0.47878,0.49541,0.50027,0.49128,0.46435,0.41594,0.33987,0.23152,0.088410,-0.083397,-0.26916,-0.44668,-0.60020,-0.72285,-0.81623,-0.88472,-0.93346,-0.96638,-0.98677,-0.99827,-1.0022,-1.0019,-0.99833,-0.99332,-0.98758,-0.98270,-0.97883
-1.0372,-1.0428,-1.0528,-1.0684,-1.0907,-1.1205,-1.1598,-1.2103,-1.2741,-1.3550,-1.4575,-1.5871,-1.7513,-1.9548,-2.1931,-2.4485,-2.6930,-2.9043,-3.0760,3.0720,2.9661,2.8825,2.8155,2.7608,2.7157,2.6778,2.6451,2.6166,2.5915,2.5694,2.5499,2.5332,2.5191,2.5076,2.4985,2.4921,2.4881,2.4867,2.4877,2.4915,2.4976,2.5063,2.5175,2.5308,2.5462,2.5630,2.5809,2.5991,2.6165,2.6319,2.6445,2.6541,2.6613,2.6668,2.6722,2.6791,2.6884,2.7011,2.7174,2.7370,2.7592,2.7835,2.8087,2.8340,2.8585,2.8814,2.9025,2.9213,2.9378,2.9521,2.9642,2.9745,2.9832,2.9903,2.9963,3.0016,3.0061,3.0102,3.0138,3.0173,3.0210,3.0258,3.0323,3.0420,3.0559,3.0746,3.0981,3.1254,-3.1283,-3.0982,-3.0692,-3.0429,-3.0191,-2.9974,-2.9763,-2.9541,-2.9295,-2.9021,-2.8724,-2.8420,-2.8130,-2.7880,-2.7687,-2.7564,-2.7510,-2.7518,-2.7575,-2.7662,-2.7768,-2.7876,-2.7976,-2.8063,-2.8124,-2.8155,-2.8146,-2.8087,-2.7966,-2.7768,-2.7481,-2.7093,-2.6592,-2.5975,-2.5249,-2.4428,-2.3548,-2.2636,-2.1739,-2.0887,-2.0104,-1.9403,-1.8796,-1.8279,-1.7853,-1.7513,-1.7251,-1.7060,-1.6932,-1.6862,-1.6845,-1.6875,-1.6949,-1.7062,-1.7212,-1.7392,-1.7595,-1.7815,-1.8037,-1.8247,-1.8426,-1.8556,-1.8610,-1.8572,-1.8430,-1.8170,-1.7791,-1.7289,-1.6661,-1.5896,-1.4977,-1.3870,-1.2538,-1.0937,-0.90543,-0.69650,-0.48040,-0.27655,-0.097860,0.050032,0.17002,0.26567,0.34158,0.40197,0.44894,0.48417,0.50772,0.51810,0.51363,0.48972,0.44060,0.35977,0.23957,0.076316,-0.12163,-0.33234,-0.52569,-0.68399,-0.80455,-0.89238,-0.95463,-0.99701,-1.0247,-1.0408,-1.0493,-1.0518,-1.0505,-1.0471,-1.0430,-1.0388,-1.0359,-1.0352
-1.1002,-1.1107,-1.1264,-1.1487,-1.1790,-1.2188,-1.2694,-1.3338,-1.4146,-1.5149,-1.6392,-1.7913,-1.9725,-2.1789,-2.3991,-2.6154,-2.8126,-2.9818,-3.1217,3.0478,2.9556,2.8805,2.8186,2.7668,2.7230,2.6851,2.6518,2.6221,2.5954,2.5716,2.5502,2.5316,2.5158,2.5027,2.4925,2.4849,2.4802,2.4783,2.4790,2.4828,2.4892,2.4984,2.5100,2.5237,2.5388,2.5554,2.5721,2.5882,2.6029,2.6150,2.6242,2.6306,2.6349,2.6385,2.6430,2.6496,2.6595,2.6731,2.6905,2.7115,2.7354,2.7614,2.7885,2.8156,2.8422,2.8672,2.8905,2.9115,2.9303,2.9469,2.9614,2.9741,2.9853,2.9950,3.0036,3.0114,3.0183,3.0242,3.0294,3.0339,3.0381,3.0424,3.0482,3.0566,3.0689,3.0858,3.1072,3.1321,-3.1241,-3.0971,-3.0717,-3.0489,-3.0285,-3.0098,-2.9909,-2.9703,-2.9464,-2.9188,-2.8887,-2.8577,-2.8282,-2.8029,-2.7836,-2.7713,-2.7660,-2.7664,-2.7711,-2.7784,-2.7867,-2.7949,-2.8020,-2.8070,-2.8095,-2.8083,-2.8027,-2.7915,-2.7732,-2.7463,-2.7095,-2.6614,-2.6017,-2.5300,-2.4480,-2.3587,-2.2657,-2.1739,-2.0866,-2.0062,-1.9350,-1.8734,-1.8214,-1.7784,-1.7441,-1.7174,-1.6977,-1.6837,-1.6754,-1.6719,-1.6728,-1.6777,-1.6861,-1.6980,-1.7127,-1.7298,-1.7487,-1.7686,-1.7881,-1.8059,-1.8200,-1.8281,-1.8282,-1.8187,-1.7977,-1.7647,-1.7194,-1.6621,-1.5925,-1.5110,-1.4158,-1.3049,-1.1752,-1.0258,-0.85580,-0.67044,-0.47849,-0.29300,-0.12377,0.022705,0.14664,0.24887,0.33290,0.40179,0.45689,0.49967,0.53038,0.54696,0.54714,0.52608,0.47649,0.38901,0.25341,0.062628,-0.16995,-0.40962,-0.61729,-0.77687,-0.89143,-0.97082,-1.0248,-1.0601,-1.0822,-1.0946,-1.1003,-1.1014,-1.0997,-1.0967,-1.0939,-1.0920,-1.0919,-1.0944
-1.1667,-1.1823,-1.2043,-1.2340,-1.2727,-1.3227,-1.3860,-1.4644,-1.5614,-1.6796,-1.8206,-1.9845,-2.1672,-2.3600,-2.5532,-2.7346,-2.8972,-3.0371,3.1277,3.0292,2.9473,2.8788,2.8212,2.7718,2.7290,2.6911,2.6570,2.6259,2.5977,2.5717,2.5485,2.5281,2.5104,2.4955,2.4839,2.4752,2.4695,2.4670,2.4677,2.4715,2.4783,2.4880,2.5000,2.5139,2.5292,2.5449,2.5603,2.5742,2.5860,2.5947,2.6003,2.6033,2.6051,2.6069,2.6106,2.6171,2.6275,2.6422,2.6609,2.6832,2.7086,2.7363,2.7653,2.7944,2.8229,2.8502,2.8758,2.8992,2.9206,2.9398,2.9570,2.9727,2.9867,2.9994,3.0110,3.0216,3.0311,3.0392,3.0459,3.0513,3.0556,3.0594,3.0643,3.0715,3.0823,3.0977,3.1173,3.1402,-3.1187,-3.0946,-3.0726,-3.0532,-3.0362,-3.0204,-3.0040,-2.9850,-2.9618,-2.9345,-2.9042,-2.8729,-2.8434,-2.8182,-2.7992,-2.7874,-2.7820,-2.7819,-2.7854,-2.7908,-2.7965,-2.8013,-2.8048,-2.8058,-2.8039,-2.7977,-2.7865,-2.7689,-2.7430,-2.7074,-2.6610,-2.6020,-2.5308,-2.4484,-2.3575,-2.2625,-2.1679,-2.0779,-1.9958,-1.9234,-1.8616,-1.8098,-1.7673,-1.7337,-1.7075,-1.6879,-1.6739,-1.6651,-1.6607,-1.6604,-1.6634,-1.6698,-1.6790,-1.6908,-1.7050,-1.7210,-1.7383,-1.7560,-1.7726,-1.7872,-1.7972,-1.8008,-1.7958,-1.7804,-1.7533,-1.7143,-1.6632,-1.6007,-1.5277,-1.4439,-1.3487,-1.2411,-1.1187,-0.98087,-0.82677,-0.65943,-0.48439,-0.31091,-0.14696,0.00045737,0.12975,0.23992,0.33291,0.41039,0.47446,0.52552,0.56362,0.58712,0.59286,0.57478,0.52464,0.42947,0.27371,0.046539,-0.23109,-0.50414,-0.72157,-0.87587,-0.97972,-1.0486,-1.0934,-1.1216,-1.1386,-1.1473,-1.1509,-1.1508,-1.1494,-1.1476,-1.1464,-1.1470,-1.1500,-1.1563
-1.2362,-1.2575,-1.2859,-1.3231,-1.3712,-1.4316,-1.5069,-1.5995,-1.7108,-1.8419,-1.9917,-2.1562,-2.3292,-2.5031,-2.6695,-2.8227,-2.9596,-3.0789,3.1019,3.0147,2.9407,2.8776,2.8234,2.7761,2.7340,2.6960,2.6610,2.6285,2.5983,2.5703,2.5448,2.5221,2.5023,2.4858,2.4726,2.4626,2.4561,2.4530,2.4536,2.4575,2.4648,2.4748,2.4874,2.5016,2.5167,2.5316,2.5455,2.5570,2.5655,2.5707,2.5727,2.5725,2.5718,2.5722,2.5752,2.5819,2.5928,2.6085,2.6284,2.6522,2.6790,2.7083,2.7390,2.7699,2.8007,2.8303,2.8582,2.8843,2.9084,2.9306,2.9509,2.9697,2.9871,3.0032,3.0181,3.0318,3.0440,3.0544,3.0626,3.0687,3.0729,3.0763,3.0803,3.0864,3.0962,3.1104,3.1285,-3.1335,-3.1114,-3.0900,-3.0712,-3.0553,-3.0417,-3.0291,-3.0152,-2.9980,-2.9760,-2.9493,-2.9192,-2.8881,-2.8589,-2.8343,-2.8158,-2.8045,-2.7990,-2.7983,-2.8003,-2.8033,-2.8059,-2.8069,-2.8059,-2.8019,-2.7945,-2.7824,-2.7643,-2.7386,-2.7036,-2.6574,-2.5990,-2.5273,-2.4439,-2.3509,-2.2530,-2.1548,-2.0619,-1.9775,-1.9042,-1.8425,-1.7915,-1.7509,-1.7187,-1.6940,-1.6756,-1.6628,-1.6544,-1.6503,-1.6494,-1.6516,-1.6564,-1.6638,-1.6735,-1.6852,-1.6986,-1.7133,-1.7288,-1.7439,-1.7580,-1.7691,-1.7751,-1.7744,-1.7644,-1.7436,-1.7115,-1.6673,-1.6122,-1.5470,-1.4724,-1.3892,-1.2967,-1.1945,-1.0806,-0.95368,-0.81303,-0.65953,-0.49661,-0.33102,-0.16892,-0.018010,0.11836,0.23772,0.34081,0.42842,0.50191,0.56189,0.60816,0.63939,0.65132,0.63739,0.58738,0.48367,0.30238,0.025208,-0.31179,-0.61687,-0.83498,-0.97667,-1.0668,-1.1234,-1.1592,-1.1808,-1.1931,-1.1987,-1.2009,-1.2006,-1.1999,-1.1996,-1.2007,-1.2039,-1.2106,-1.2209
-1.3084,-1.3355,-1.3709,-1.4158,-1.4728,-1.5438,-1.6306,-1.7349,-1.8569,-1.9948,-2.1457,-2.3037,-2.4622,-2.6150,-2.7586,-2.8899,-3.0074,-3.1113,3.0814,3.0031,2.9355,2.8770,2.8256,2.7799,2.7384,2.6999,2.6636,2.6295,2.5970,2.5667,2.5388,2.5137,2.4918,2.4733,2.4582,2.4469,2.4395,2.4359,2.4362,2.4405,2.4481,2.4588,2.4717,2.4861,2.5008,2.5148,2.5266,2.5356,2.5410,2.5427,2.5413,2.5381,2.5352,2.5346,2.5371,2.5441,2.5558,2.5723,2.5931,2.6183,2.6465,2.6772,2.7095,2.7425,2.7752,2.8070,2.8376,2.8665,2.8936,2.9190,2.9429,2.9652,2.9862,3.0061,3.0246,3.0415,3.0565,3.0690,3.0786,3.0853,3.0895,3.0923,3.0956,3.1010,3.1102,3.1236,3.1409,-3.1225,-3.1023,-3.0834,-3.0676,-3.0549,-3.0450,-3.0358,-3.0245,-3.0095,-2.9891,-2.9633,-2.9340,-2.9035,-2.8752,-2.8517,-2.8342,-2.8233,-2.8177,-2.8159,-2.8158,-2.8154,-2.8139,-2.8103,-2.8038,-2.7940,-2.7798,-2.7601,-2.7335,-2.6979,-2.6515,-2.5923,-2.5195,-2.4339,-2.3381,-2.2358,-2.1338,-2.0368,-1.9502,-1.8758,-1.8144,-1.7652,-1.7266,-1.6973,-1.6754,-1.6596,-1.6490,-1.6424,-1.6393,-1.6390,-1.6412,-1.6456,-1.6519,-1.6601,-1.6698,-1.6811,-1.6936,-1.7068,-1.7204,-1.7333,-1.7444,-1.7521,-1.7544,-1.7491,-1.7346,-1.7093,-1.6727,-1.6249,-1.5673,-1.5010,-1.4271,-1.3463,-1.2586,-1.1626,-1.0571,-0.94042,-0.81091,-0.66851,-0.51435,-0.35330,-0.19065,-0.034144,0.11158,0.24235,0.35709,0.45601,0.54018,0.61021,0.66541,0.70433,0.72318,0.71406,0.66517,0.55367,0.34172,-0.0048147,-0.41626,-0.74566,-0.95268,-1.0756,-1.1495,-1.1942,-1.2213,-1.2368,-1.2453,-1.2490,-1.2504,-1.2506,-1.2511,-1.2526,-1.2565,-1.2631,-1.2734,-1.2883
-1.3831,-1.4159,-1.4578,-1.5108,-1.5766,-1.6573,-1.7542,-1.8670,-1.9954,-2.1351,-2.2812,-2.4275,-2.5697,-2.7041,-2.8287,-2.9425,-3.0454,-3.1371,3.0650,2.9940,2.9317,2.8768,2.8278,2.7833,2.7420,2.7028,2.6650,2.6287,2.5938,2.5607,2.5304,2.5024,2.4780,2.4574,2.4405,2.4278,2.4195,2.4153,2.4156,2.4199,2.4279,2.4391,2.4525,2.4667,2.4808,2.4937,2.5038,2.5101,2.5122,2.5103,2.5056,2.5002,2.4958,2.4940,2.4967,2.5038,2.5163,2.5335,2.5556,2.5816,2.6111,2.6432,2.6767,2.7114,2.7462,2.7805,2.8136,2.8454,2.8758,2.9046,2.9323,2.9586,2.9837,3.0075,3.0298,3.0502,3.0680,3.0824,3.0932,3.1003,3.1044,3.1070,3.1098,3.1151,3.1241,3.1375,-3.1289,-3.1100,-3.0912,-3.0745,-3.0614,-3.0524,-3.0461,-3.0403,-3.0323,-3.0198,-3.0014,-2.9771,-2.9491,-2.9200,-2.8930,-2.8709,-2.8546,-2.8443,-2.8382,-2.8345,-2.8314,-2.8269,-2.8201,-2.8105,-2.7973,-2.7802,-2.7578,-2.7287,-2.6911,-2.6428,-2.5819,-2.5068,-2.4183,-2.3177,-2.2103,-2.1028,-2.0016,-1.9118,-1.8363,-1.7757,-1.7286,-1.6933,-1.6677,-1.6500,-1.6382,-1.6312,-1.6277,-1.6268,-1.6281,-1.6315,-1.6362,-1.6422,-1.6497,-1.6583,-1.6680,-1.6786,-1.6900,-1.7018,-1.7133,-1.7236,-1.7319,-1.7361,-1.7346,-1.7254,-1.7068,-1.6774,-1.6372,-1.5872,-1.5285,-1.4627,-1.3911,-1.3144,-1.2317,-1.1429,-1.0455,-0.93797,-0.81802,-0.68468,-0.53725,-0.37859,-0.21327,-0.048751,0.10901,0.25345,0.38201,0.49378,0.59003,0.67028,0.73493,0.78215,0.80842,0.80581,0.76120,0.64349,0.39400,-0.050264,-0.55092,-0.88667,-1.0691,-1.1690,-1.2262,-1.2597,-1.2791,-1.2901,-1.2958,-1.2983,-1.2996,-1.3007,-1.3028,-1.3069,-1.3138,-1.3240,-1.3383,-1.3578
-1.4590,-1.4979,-1.5465,-1.6070,-1.6810,-1.7700,-1.8746,-1.9935,-2.1237,-2.2603,-2.3977,-2.5312,-2.6577,-2.7757,-2.8848,-2.9848,-3.0758,3.1252,3.0519,2.9868,2.9289,2.8772,2.8301,2.7863,2.7448,2.7046,2.6650,2.6262,2.5884,2.5523,2.5186,2.4879,2.4606,2.4376,2.4189,2.4047,2.3954,2.3909,2.3910,2.3954,2.4038,2.4152,2.4286,2.4428,2.4563,2.4679,2.4760,2.4796,2.4784,2.4736,2.4663,2.4588,2.4533,2.4511,2.4538,2.4617,2.4746,2.4927,2.5154,2.5423,2.5724,2.6057,2.6407,2.6769,2.7135,2.7501,2.7858,2.8207,2.8546,2.8872,2.9188,2.9495,2.9789,3.0069,3.0332,3.0569,3.0774,3.0938,3.1057,3.1133,3.1174,3.1199,3.1230,3.1285,3.1382,-3.1312,-3.1141,-3.0956,-3.0779,-3.0632,-3.0530,-3.0474,-3.0448,-3.0427,-3.0383,-3.0290,-3.0132,-2.9911,-2.9652,-2.9382,-2.9133,-2.8928,-2.8778,-2.8677,-2.8602,-2.8539,-2.8466,-2.8366,-2.8233,-2.8062,-2.7847,-2.7581,-2.7251,-2.6841,-2.6322,-2.5681,-2.4892,-2.3953,-2.2887,-2.1744,-2.0600,-1.9535,-1.8603,-1.7840,-1.7245,-1.6799,-1.6487,-1.6282,-1.6159,-1.6098,-1.6077,-1.6088,-1.6116,-1.6159,-1.6213,-1.6274,-1.6342,-1.6418,-1.6499,-1.6587,-1.6680,-1.6779,-1.6879,-1.6981,-1.7074,-1.7153,-1.7205,-1.7214,-1.7163,-1.7033,-1.6808,-1.6480,-1.6055,-1.5542,-1.4958,-1.4318,-1.3633,-1.2911,-1.2144,-1.1326,-1.0428,-0.94414,-0.83292,-0.70702,-0.56485,-0.40719,-0.23696,-0.061795,0.11081,0.27170,0.41685,0.54353,0.65223,0.74339,0.81725,0.87291,0.90685,0.91228,0.87431,0.75565,0.46486,-0.12243,-0.71894,-1.0318,-1.1790,-1.2546,-1.2962,-1.3198,-1.3333,-1.3406,-1.3445,-1.3465,-1.3484,-1.3511,-1.3556,-1.3625,-1.3724,-1.3862,-1.4046,-1.4286
-1.5358,-1.5803,-1.6354,-1.7026,-1.7838,-1.8800,-1.9900,-2.1115,-2.2401,-2.3703,-2.4973,-2.6176,-2.7301,-2.8341,-2.9305,-3.0193,-3.1006,3.1084,3.0415,2.9814,2.9272,2.8780,2.8324,2.7891,2.7470,2.7052,2.6632,2.6214,2.5803,2.5407,2.5034,2.4692,2.4391,2.4135,2.3928,2.3773,2.3669,2.3619,2.3619,2.3664,2.3749,2.3863,2.3997,2.4135,2.4263,2.4365,2.4424,2.4435,2.4398,2.4321,2.4229,2.4143,2.4082,2.4063,2.4092,2.4175,2.4311,2.4499,2.4730,2.5005,2.5314,2.5652,2.6013,2.6388,2.6770,2.7156,2.7541,2.7921,2.8294,2.8660,2.9020,2.9371,2.9712,3.0037,3.0339,3.0612,3.0842,3.1024,3.1153,3.1233,3.1278,3.1309,3.1347,3.1415,-3.1309,-3.1159,-3.0979,-3.0792,-3.0621,-3.0493,-3.0417,-3.0395,-3.0410,-3.0432,-3.0429,-3.0374,-3.0250,-3.0064,-2.9834,-2.9593,-2.9370,-2.9185,-2.9043,-2.8934,-2.8840,-2.8735,-2.8605,-2.8437,-2.8221,-2.7954,-2.7632,-2.7243,-2.6776,-2.6204,-2.5505,-2.4655,-2.3643,-2.2495,-2.1262,-2.0038,-1.8909,-1.7945,-1.7166,-1.6584,-1.6173,-1.5912,-1.5768,-1.5715,-1.5722,-1.5769,-1.5840,-1.5924,-1.6011,-1.6099,-1.6184,-1.6270,-1.6354,-1.6437,-1.6524,-1.6609,-1.6697,-1.6786,-1.6871,-1.6953,-1.7025,-1.7077,-1.7100,-1.7077,-1.6990,-1.6824,-1.6564,-1.6211,-1.5771,-1.5253,-1.4679,-1.4066,-1.3423,-1.2751,-1.2044,-1.1293,-1.0474,-0.95670,-0.85345,-0.73492,-0.59721,-0.43946,-0.26279,-0.074260,0.11673,0.29848,0.46313,0.60620,0.72817,0.82974,0.91230,0.97501,1.0168,1.0306,1.0037,0.89258,0.56360,-0.24384,-0.91484,-1.1718,-1.2794,-1.3320,-1.3601,-1.3755,-1.3841,-1.3888,-1.3917,-1.3940,-1.3972,-1.4018,-1.4087,-1.4185,-1.4318,-1.4492,-1.4717,-1.5002
-1.6122,-1.6618,-1.7228,-1.7965,-1.8840,-1.9851,-2.0985,-2.2198,-2.3438,-2.4659,-2.5819,-2.6901,-2.7900,-2.8824,-2.9680,-3.0475,-3.1210,3.0948,3.0332,2.9774,2.9265,2.8793,2.8347,2.7914,2.7480,2.7041,2.6594,2.6140,2.5689,2.5251,2.4838,2.4461,2.4128,2.3845,2.3617,2.3447,2.3336,2.3280,2.3276,2.3321,2.3404,2.3517,2.3648,2.3780,2.3897,2.3985,2.4026,2.4015,2.3955,2.3863,2.3759,2.3669,2.3611,2.3595,2.3631,2.3720,2.3860,2.4051,2.4286,2.4563,2.4873,2.5216,2.5582,2.5966,2.6363,2.6769,2.7177,2.7589,2.7998,2.8406,2.8810,2.9210,2.9598,2.9969,3.0314,3.0620,3.0876,3.1076,3.1215,3.1303,3.1355,3.1397,-3.1381,-3.1294,-3.1166,-3.0997,-3.0803,-3.0607,-3.0441,-3.0325,-3.0273,-3.0289,-3.0347,-3.0417,-3.0465,-3.0458,-3.0380,-3.0236,-3.0046,-2.9841,-2.9647,-2.9482,-2.9347,-2.9223,-2.9091,-2.8930,-2.8725,-2.8462,-2.8139,-2.7749,-2.7287,-2.6737,-2.6089,-2.5301,-2.4359,-2.3247,-2.1987,-2.0643,-1.9323,-1.8125,-1.7114,-1.6331,-1.5763,-1.5394,-1.5188,-1.5117,-1.5140,-1.5233,-1.5365,-1.5517,-1.5672,-1.5822,-1.5961,-1.6085,-1.6197,-1.6299,-1.6393,-1.6482,-1.6566,-1.6648,-1.6726,-1.6803,-1.6873,-1.6934,-1.6983,-1.7008,-1.7000,-1.6943,-1.6821,-1.6620,-1.6333,-1.5958,-1.5505,-1.4993,-1.4439,-1.3859,-1.3261,-1.2645,-1.2000,-1.1316,-1.0573,-0.97441,-0.87875,-0.76733,-0.63418,-0.47633,-0.29198,-0.086360,0.12829,0.33562,0.52285,0.68418,0.81892,0.92934,1.0179,1.0861,1.1339,1.1573,1.1446,1.0547,0.70724,-0.46212,-1.1232,-1.3012,-1.3696,-1.4016,-1.4184,-1.4272,-1.4323,-1.4353,-1.4380,-1.4413,-1.4458,-1.4525,-1.4619,-1.4747,-1.4912,-1.5124,-1.5388,-1.5716
-1.6866,-1.7417,-1.8081,-1.8874,-1.9800,-2.0847,-2.1985,-2.3174,-2.4355,-2.5485,-2.6540,-2.7509,-2.8401,-2.9225,-2.9991,-3.0708,-3.1375,3.0839,3.0270,2.9748,2.9264,2.8808,2.8367,2.7928,2.7478,2.7012,2.6529,2.6033,2.5536,2.5050,2.4593,2.4175,2.3808,2.3499,2.3252,2.3067,2.2946,2.2885,2.2877,2.2916,2.2995,2.3104,2.3228,2.3354,2.3460,2.3533,2.3560,2.3531,2.3461,2.3362,2.3259,2.3173,2.3121,2.3116,2.3159,2.3254,2.3399,2.3589,2.3822,2.4098,2.4407,2.4749,2.5116,2.5505,2.5913,2.6335,2.6766,2.7206,2.7652,2.8102,2.8552,2.9001,2.9440,2.9859,3.0246,3.0587,3.0870,3.1087,3.1239,3.1338,3.1405,-3.1368,-3.1291,-3.1177,-3.1021,-3.0825,-3.0608,-3.0401,-3.0231,-3.0127,-3.0102,-3.0152,-3.0258,-3.0384,-3.0491,-3.0545,-3.0527,-3.0441,-3.0303,-3.0141,-2.9982,-2.9833,-2.9692,-2.9538,-2.9351,-2.9113,-2.8809,-2.8425,-2.7961,-2.7408,-2.6758,-2.5993,-2.5090,-2.4017,-2.2767,-2.1366,-1.9885,-1.8452,-1.7175,-1.6126,-1.5332,-1.4787,-1.4457,-1.4310,-1.4309,-1.4419,-1.4608,-1.4843,-1.5095,-1.5346,-1.5578,-1.5783,-1.5961,-1.6115,-1.6245,-1.6359,-1.6457,-1.6546,-1.6626,-1.6699,-1.6767,-1.6827,-1.6879,-1.6919,-1.6942,-1.6939,-1.6899,-1.6808,-1.6653,-1.6419,-1.6106,-1.5713,-1.5258,-1.4758,-1.4230,-1.3689,-1.3136,-1.2575,-1.1993,-1.1379,-1.0709,-0.99567,-0.90839,-0.80401,-0.67613,-0.51836,-0.32484,-0.098701,0.14650,0.38653,0.60059,0.77969,0.92501,1.0404,1.1326,1.2038,1.2562,1.2885,1.2941,1.2419,0.93767,-0.85193,-1.3232,-1.4168,-1.4500,-1.4647,-1.4722,-1.4760,-1.4785,-1.4807,-1.4834,-1.4877,-1.4938,-1.5026,-1.5147,-1.5303,-1.5500,-1.5745,-1.6045,-1.6413
-1.7586,-1.8184,-1.8898,-1.9741,-2.0704,-2.1772,-2.2903,-2.4046,-2.5156,-2.6197,-2.7150,-2.8020,-2.8819,-2.9558,-3.0249,-3.0900,3.1323,3.0753,3.0225,2.9733,2.9272,2.8827,2.8386,2.7935,2.7463,2.6961,2.6432,2.5884,2.5333,2.4795,2.4287,2.3827,2.3427,2.3091,2.2825,2.2628,2.2497,2.2426,2.2413,2.2446,2.2519,2.2619,2.2735,2.2848,2.2943,2.3007,2.3022,2.2992,2.2918,2.2825,2.2733,2.2661,2.2622,2.2628,2.2680,2.2780,2.2925,2.3115,2.3344,2.3613,2.3916,2.4251,2.4614,2.5004,2.5417,2.5849,2.6300,2.6766,2.7246,2.7739,2.8238,2.8737,2.9229,2.9697,3.0128,3.0504,3.0815,3.1053,3.1223,3.1339,-3.1406,-3.1321,-3.1213,-3.1063,-3.0871,-3.0639,-3.0394,-3.0168,-2.9991,-2.9894,-2.9895,-2.9984,-3.0143,-3.0333,-3.0514,-3.0643,-3.0702,-3.0689,-3.0616,-3.0508,-3.0381,-3.0241,-3.0080,-2.9879,-2.9615,-2.9273,-2.8835,-2.8293,-2.7642,-2.6867,-2.5958,-2.4893,-2.3651,-2.2222,-2.0641,-1.9010,-1.7452,-1.6092,-1.5005,-1.4207,-1.3679,-1.3382,-1.3282,-1.3347,-1.3541,-1.3830,-1.4178,-1.4550,-1.4916,-1.5253,-1.5551,-1.5803,-1.6014,-1.6186,-1.6328,-1.6443,-1.6541,-1.6623,-1.6695,-1.6757,-1.6810,-1.6852,-1.6884,-1.6901,-1.6897,-1.6865,-1.6792,-1.6667,-1.6476,-1.6213,-1.5874,-1.5469,-1.5016,-1.4535,-1.4035,-1.3538,-1.3035,-1.2530,-1.2012,-1.1468,-1.0871,-1.0202,-0.94117,-0.84492,-0.72334,-0.56641,-0.36326,-0.11156,0.17407,0.45561,0.69980,0.89407,1.0452,1.1617,1.2525,1.3234,1.3784,1.4192,1.4452,1.4473,1.3362,-1.3849,-1.5020,-1.5187,-1.5227,-1.5231,-1.5230,-1.5229,-1.5233,-1.5248,-1.5278,-1.5330,-1.5409,-1.5518,-1.5661,-1.5844,-1.6068,-1.6345,-1.6682,-1.7090
-1.8271,-1.8914,-1.9676,-2.0557,-2.1549,-2.2618,-2.3725,-2.4819,-2.5853,-2.6804,-2.7668,-2.8450,-2.9168,-2.9836,-3.0462,-3.1056,3.1217,3.0690,3.0197,2.9731,2.9286,2.8848,2.8401,2.7932,2.7426,2.6880,2.6296,2.5688,2.5071,2.4472,2.3914,2.3409,2.2974,2.2614,2.2331,2.2122,2.1984,2.1905,2.1882,2.1906,2.1966,2.2055,2.2157,2.2263,2.2349,2.2408,2.2425,2.2397,2.2337,2.2262,2.2189,2.2138,2.2120,2.2139,2.2200,2.2303,2.2447,2.2630,2.2852,2.3109,2.3400,2.3724,2.4079,2.4462,2.4874,2.5312,2.5775,2.6266,2.6778,2.7309,2.7855,2.8408,2.8952,2.9473,2.9950,3.0366,3.0707,3.0970,3.1161,3.1302,-3.1414,-3.1294,-3.1146,-3.0953,-3.0713,-3.0438,-3.0157,-2.9904,-2.9717,-2.9627,-2.9647,-2.9780,-3.0000,-3.0267,-3.0534,-3.0763,-3.0920,-3.0994,-3.1000,-3.0949,-3.0852,-3.0710,-3.0512,-3.0242,-2.9873,-2.9392,-2.8781,-2.8025,-2.7113,-2.6032,-2.4763,-2.3301,-2.1643,-1.9861,-1.8054,-1.6376,-1.4953,-1.3838,-1.3029,-1.2506,-1.2221,-1.2147,-1.2253,-1.2510,-1.2889,-1.3351,-1.3853,-1.4355,-1.4825,-1.5241,-1.5593,-1.5882,-1.6112,-1.6293,-1.6438,-1.6550,-1.6640,-1.6713,-1.6771,-1.6817,-1.6852,-1.6875,-1.6884,-1.6874,-1.6842,-1.6778,-1.6672,-1.6512,-1.6286,-1.5993,-1.5634,-1.5222,-1.4775,-1.4314,-1.3851,-1.3395,-1.2945,-1.2501,-1.2046,-1.1572,-1.1055,-1.0469,-0.97686,-0.88975,-0.77580,-0.62222,-0.40951,-0.12511,0.21584,0.55053,0.82504,1.0288,1.1783,1.2894,1.3748,1.4423,1.4979,1.5466,1.5953,1.6647,1.9430,-1.8192,-1.6526,-1.6093,-1.5894,-1.5784,-1.5716,-1.5679,-1.5666,-1.5676,-1.5712,-1.5773,-1.5865,-1.5993,-1.6154,-1.6361,-1.6613,-1.6920,-1.7290,-1.7736
-1.8916,-1.9604,-2.0405,-2.1319,-2.2327,-2.3391,-2.4463,-2.5495,-2.6454,-2.7324,-2.8107,-2.8814,-2.9461,-3.0066,-3.0636,-3.1180,3.1136,3.0646,3.0182,2.9739,2.9307,2.8869,2.8411,2.7915,2.7367,2.6764,2.6113,2.5428,2.4740,2.4074,2.3457,2.2911,2.2446,2.2068,2.1771,2.1554,2.1404,2.1319,2.1285,2.1294,2.1342,2.1415,2.1505,2.1602,2.1686,2.1745,2.1772,2.1764,2.1730,2.1685,2.1641,2.1616,2.1617,2.1653,2.1721,2.1824,2.1966,2.2140,2.2350,2.2591,2.2865,2.3171,2.3509,2.3880,2.4282,2.4719,2.5190,2.5695,2.6235,2.6803,2.7394,2.8000,2.8600,2.9175,2.9701,3.0161,3.0538,3.0831,3.1053,3.1226,3.1379,-3.1288,-3.1089,-3.0841,-3.0546,-3.0217,-2.9892,-2.9607,-2.9403,-2.9314,-2.9358,-2.9538,-2.9827,-3.0187,-3.0566,-3.0912,-3.1190,-3.1373,3.1367,3.1359,-3.1400,-3.1244,-3.0990,-3.0624,-3.0116,-2.9446,-2.8596,-2.7540,-2.6260,-2.4746,-2.3005,-2.1083,-1.9061,-1.7094,-1.5325,-1.3860,-1.2723,-1.1907,-1.1363,-1.1062,-1.0978,-1.1086,-1.1369,-1.1805,-1.2353,-1.2982,-1.3634,-1.4261,-1.4827,-1.5309,-1.5702,-1.6013,-1.6251,-1.6432,-1.6567,-1.6669,-1.6745,-1.6803,-1.6843,-1.6871,-1.6886,-1.6886,-1.6870,-1.6835,-1.6772,-1.6674,-1.6533,-1.6335,-1.6079,-1.5755,-1.5378,-1.4963,-1.4527,-1.4092,-1.3666,-1.3257,-1.2863,-1.2477,-1.2091,-1.1689,-1.1252,-1.0752,-1.0150,-0.93867,-0.83519,-0.68779,-0.46718,-0.14081,0.28014,0.68295,0.98104,1.1818,1.3199,1.4190,1.4953,1.5573,1.6127,1.6693,1.7408,1.8808,2.5046,-2.0779,-1.7783,-1.6918,-1.6523,-1.6309,-1.6187,-1.6115,-1.6088,-1.6091,-1.6127,-1.6196,-1.6299,-1.6440,-1.6622,-1.6848,-1.7123,-1.7457,-1.7855,-1.8338
-1.9521,-2.0247,-2.1087,-2.2027,-2.3040,-2.4085,-2.5116,-2.6086,-2.6973,-2.7769,-2.8477,-2.9118,-2.9706,-3.0256,-3.0779,-3.1277,3.1077,3.0621,3.0184,2.9760,2.9334,2.8893,2.8414,2.7881,2.7278,2.6604,2.5868,2.5096,2.4321,2.3584,2.2913,2.2328,2.1842,2.1448,2.1144,2.0921,2.0765,2.0667,2.0621,2.0618,2.0648,2.0708,2.0787,2.0876,2.0962,2.1036,2.1086,2.1110,2.1114,2.1104,2.1097,2.1102,2.1126,2.1174,2.1248,2.1351,2.1484,2.1647,2.1841,2.2060,2.2312,2.2595,2.2910,2.3259,2.3646,2.4071,2.4540,2.5056,2.5612,2.6213,2.6847,2.7504,2.8160,2.8792,2.9372,2.9880,3.0299,3.0631,3.0892,3.1106,3.1308,-3.1306,-3.1044,-3.0730,-3.0366,-2.9976,-2.9595,-2.9268,-2.9043,-2.8954,-2.9026,-2.9255,-2.9625,-3.0096,-3.0606,-3.1099,3.1314,3.1003,3.0810,3.0744,3.0801,3.0988,3.1320,-3.1018,-3.0324,-2.9400,-2.8210,-2.6716,-2.4907,-2.2830,-2.0565,-1.8296,-1.6187,-1.4372,-1.2901,-1.1768,-1.0928,-1.0355,-1.0012,-0.98759,-0.99383,-1.0193,-1.0621,-1.1211,-1.1930,-1.2722,-1.3524,-1.4272,-1.4921,-1.5454,-1.5873,-1.6189,-1.6423,-1.6591,-1.6711,-1.6794,-1.6852,-1.6888,-1.6909,-1.6914,-1.6907,-1.6882,-1.6839,-1.6774,-1.6679,-1.6547,-1.6371,-1.6137,-1.5844,-1.5495,-1.5102,-1.4688,-1.4270,-1.3863,-1.3479,-1.3120,-1.2783,-1.2458,-1.2139,-1.1812,-1.1458,-1.1053,-1.0561,-0.99181,-0.90195,-0.76589,-0.54207,-0.16057,0.38521,0.86794,1.1682,1.3475,1.4640,1.5468,1.6118,1.6674,1.7219,1.7860,1.8823,2.0912,2.8397,-2.2293,-1.8839,-1.7668,-1.7115,-1.6814,-1.6639,-1.6537,-1.6490,-1.6484,-1.6517,-1.6591,-1.6703,-1.6856,-1.7051,-1.7296,-1.7591,-1.7950,-1.8383,-1.8904
-2.0081,-2.0848,-2.1721,-2.2678,-2.3690,-2.4709,-2.5692,-2.6601,-2.7419,-2.8145,-2.8792,-2.9373,-2.9908,-3.0410,-3.0889,-3.1349,3.1040,3.0614,3.0201,2.9792,2.9370,2.8917,2.8410,2.7826,2.7152,2.6385,2.5546,2.4671,2.3805,2.2994,2.2276,2.1661,2.1159,2.0763,2.0457,2.0231,2.0070,1.9965,1.9906,1.9888,1.9903,1.9948,2.0019,2.0110,2.0208,2.0304,2.0389,2.0454,2.0502,2.0538,2.0567,2.0601,2.0645,2.0706,2.0784,2.0885,2.1006,2.1152,2.1327,2.1522,2.1745,2.1998,2.2284,2.2603,2.2966,2.3373,2.3830,2.4342,2.4912,2.5534,2.6204,2.6907,2.7617,2.8309,2.8949,2.9510,2.9981,3.0361,3.0670,3.0938,3.1199,-3.1346,-3.1010,-3.0615,-3.0170,-2.9705,-2.9261,-2.8886,-2.8638,-2.8547,-2.8644,-2.8931,-2.9396,-2.9996,-3.0665,-3.1331,3.0915,3.0460,3.0164,3.0042,3.0093,3.0320,3.0750,3.1408,-3.0480,-2.9186,-2.7480,-2.5330,-2.2810,-2.0130,-1.7581,-1.5367,-1.3551,-1.2118,-1.1002,-1.0159,-0.95502,-0.91493,-0.89390,-0.89163,-0.90767,-0.94344,-0.99892,-1.0730,-1.1618,-1.2579,-1.3528,-1.4387,-1.5106,-1.5672,-1.6097,-1.6405,-1.6619,-1.6765,-1.6860,-1.6918,-1.6950,-1.6963,-1.6959,-1.6940,-1.6906,-1.6855,-1.6785,-1.6689,-1.6562,-1.6396,-1.6180,-1.5910,-1.5584,-1.5212,-1.4810,-1.4400,-1.4001,-1.3630,-1.3289,-1.2980,-1.2702,-1.2442,-1.2189,-1.1941,-1.1674,-1.1371,-1.0997,-1.0500,-0.97752,-0.86086,-0.64433,-0.18873,0.57018,1.1160,1.3781,1.5178,1.6058,1.6695,1.7220,1.7709,1.8253,1.8977,2.0188,2.2868,3.0341,-2.3245,-1.9744,-1.8355,-1.7679,-1.7300,-1.7072,-1.6938,-1.6866,-1.6850,-1.6879,-1.6951,-1.7067,-1.7229,-1.7437,-1.7695,-1.8014,-1.8402,-1.8867,-1.9423
-2.0603,-2.1407,-2.2309,-2.3279,-2.4281,-2.5269,-2.6201,-2.7049,-2.7805,-2.8468,-2.9056,-2.9586,-3.0074,-3.0534,-3.0974,-3.1398,3.1024,3.0627,3.0234,2.9837,2.9415,2.8943,2.8396,2.7746,2.6977,2.6095,2.5130,2.4134,2.3170,2.2294,2.1537,2.0912,2.0409,2.0018,1.9720,1.9496,1.9334,1.9225,1.9156,1.9125,1.9128,1.9166,1.9235,1.9332,1.9452,1.9579,1.9706,1.9820,1.9915,1.9994,2.0060,2.0121,2.0184,2.0254,2.0333,2.0427,2.0537,2.0663,2.0810,2.0980,2.1169,2.1388,2.1638,2.1921,2.2249,2.2628,2.3065,2.3563,2.4131,2.4763,2.5458,2.6201,2.6965,2.7712,2.8415,2.9038,2.9569,3.0009,3.0379,3.0714,3.1050,-3.1413,-3.0987,-3.0496,-2.9957,-2.9402,-2.8884,-2.8458,-2.8180,-2.8088,-2.8215,-2.8570,-2.9142,-2.9886,-3.0741,3.1225,3.0450,2.9842,2.9441,2.9259,2.9301,2.9576,3.0120,3.0989,-3.0539,-2.8673,-2.6145,-2.3027,-1.9782,-1.6909,-1.4615,-1.2852,-1.1489,-1.0428,-0.96033,-0.89724,-0.85151,-0.82233,-0.80879,-0.81286,-0.83557,-0.87960,-0.94658,-1.0356,-1.1420,-1.2561,-1.3657,-1.4613,-1.5382,-1.5958,-1.6367,-1.6648,-1.6830,-1.6942,-1.7004,-1.7031,-1.7033,-1.7018,-1.6987,-1.6942,-1.6882,-1.6803,-1.6703,-1.6577,-1.6416,-1.6212,-1.5959,-1.5654,-1.5300,-1.4909,-1.4501,-1.4102,-1.3727,-1.3392,-1.3098,-1.2842,-1.2620,-1.2425,-1.2247,-1.2078,-1.1902,-1.1707,-1.1466,-1.1139,-1.0642,-0.97807,-0.79356,-0.23959,0.92201,1.4184,1.5934,1.6822,1.7394,1.7837,1.8246,1.8683,1.9233,2.0054,2.1494,2.4599,-3.1303,-2.3904,-2.0503,-1.8993,-1.8210,-1.7753,-1.7474,-1.7304,-1.7210,-1.7178,-1.7198,-1.7269,-1.7387,-1.7554,-1.7773,-1.8050,-1.8393,-1.8808,-1.9307,-1.9902
-2.1089,-2.1932,-2.2856,-2.3834,-2.4817,-2.5768,-2.6649,-2.7439,-2.8134,-2.8743,-2.9280,-2.9762,-3.0209,-3.0631,-3.1034,3.1408,3.1030,3.0659,3.0287,2.9899,2.9471,2.8973,2.8370,2.7631,2.6740,2.5711,2.4591,2.3464,2.2408,2.1480,2.0708,2.0087,1.9604,1.9233,1.8949,1.8737,1.8580,1.8467,1.8393,1.8356,1.8354,1.8389,1.8465,1.8578,1.8721,1.8890,1.9060,1.9223,1.9366,1.9484,1.9583,1.9668,1.9744,1.9817,1.9896,1.9980,2.0073,2.0178,2.0298,2.0434,2.0590,2.0768,2.0975,2.1218,2.1508,2.1849,2.2253,2.2726,2.3277,2.3906,2.4613,2.5380,2.6185,2.6991,2.7754,2.8445,2.9046,2.9557,3.0004,3.0419,3.0846,3.1316,-3.0980,-3.0374,-2.9722,-2.9063,-2.8461,-2.7979,-2.7676,-2.7590,-2.7754,-2.8181,-2.8866,-2.9776,-3.0833,3.0912,2.9935,2.9165,2.8645,2.8394,2.8417,2.8735,2.9405,3.0553,-3.0418,-2.7557,-2.3643,-1.9520,-1.6216,-1.3881,-1.2213,-1.0967,-0.99982,-0.92223,-0.85974,-0.81067,-0.77419,-0.75053,-0.74109,-0.74825,-0.77524,-0.82597,-0.90379,-1.0088,-1.1348,-1.2678,-1.3921,-1.4955,-1.5743,-1.6301,-1.6673,-1.6911,-1.7045,-1.7113,-1.7135,-1.7126,-1.7095,-1.7050,-1.6989,-1.6917,-1.6828,-1.6721,-1.6592,-1.6434,-1.6240,-1.5999,-1.5712,-1.5375,-1.4993,-1.4588,-1.4182,-1.3794,-1.3451,-1.3155,-1.2906,-1.2706,-1.2544,-1.2414,-1.2310,-1.2225,-1.2148,-1.2067,-1.1975,-1.1844,-1.1633,-1.1230,-1.0208,-0.39967,1.5088,1.7270,1.7951,1.8322,1.8612,1.8889,1.9198,1.9595,2.0162,2.1079,2.2728,2.6079,-3.0508,-2.4380,-2.1158,-1.9564,-1.8692,-1.8167,-1.7838,-1.7630,-1.7512,-1.7460,-1.7469,-1.7535,-1.7654,-1.7829,-1.8060,-1.8356,-1.8721,-1.9169,-1.9709,-2.0346
-2.1546,-2.2423,-2.3367,-2.4342,-2.5305,-2.6215,-2.7045,-2.7778,-2.8418,-2.8975,-2.9466,-2.9908,-3.0315,-3.0701,-3.1070,3.1405,3.1058,3.0714,3.0362,2.9982,2.9543,2.9006,2.8329,2.7472,2.6420,2.5204,2.3906,2.2643,2.1510,2.0559,1.9802,1.9214,1.8765,1.8426,1.8170,1.7976,1.7828,1.7721,1.7649,1.7611,1.7612,1.7653,1.7742,1.7878,1.8055,1.8258,1.8473,1.8678,1.8861,1.9015,1.9138,1.9240,1.9326,1.9401,1.9473,1.9544,1.9619,1.9700,1.9790,1.9891,2.0009,2.0145,2.0311,2.0509,2.0754,2.1052,2.1414,2.1851,2.2373,2.2980,2.3676,2.4452,2.5281,2.6128,2.6952,2.7713,2.8393,2.8987,2.9524,3.0038,3.0575,3.1167,-3.0995,-3.0249,-2.9462,-2.8686,-2.7993,-2.7458,-2.7137,-2.7065,-2.7271,-2.7771,-2.8581,-2.9662,-3.0938,3.0579,2.9389,2.8441,2.7791,2.7450,2.7427,2.7758,2.8548,3.0072,-2.9893,-2.4980,-1.9329,-1.5395,-1.3053,-1.1558,-1.0484,-0.96486,-0.89585,-0.83764,-0.78844,-0.74744,-0.71605,-0.69489,-0.68674,-0.69508,-0.72456,-0.78105,-0.87029,-0.99322,-1.1418,-1.2960,-1.4331,-1.5414,-1.6183,-1.6689,-1.7001,-1.7174,-1.7253,-1.7268,-1.7245,-1.7196,-1.7130,-1.7052,-1.6962,-1.6860,-1.6743,-1.6608,-1.6449,-1.6260,-1.6032,-1.5763,-1.5440,-1.5072,-1.4672,-1.4258,-1.3856,-1.3492,-1.3177,-1.2923,-1.2724,-1.2577,-1.2475,-1.2414,-1.2386,-1.2387,-1.2412,-1.2458,-1.2530,-1.2625,-1.2769,-1.3019,-1.3701,-2.4969,2.0601,1.9872,1.9682,1.9645,1.9701,1.9838,2.0069,2.0440,2.1036,2.2047,2.3872,2.7320,-2.9954,-2.4738,-2.1697,-2.0064,-1.9120,-1.8532,-1.8154,-1.7905,-1.7757,-1.7685,-1.7683,-1.7743,-1.7865,-1.8048,-1.8295,-1.8611,-1.9008,-1.9494,-2.0075,-2.0761
-2.1978,-2.2887,-2.3845,-2.4811,-2.5748,-2.6615,-2.7392,-2.8073,-2.8662,-2.9172,-2.9620,-3.0024,-3.0397,-3.0748,-3.1082,-3.1406,3.1111,3.0796,3.0464,3.0090,2.9634,2.9046,2.8267,2.7250,2.5985,2.4538,2.3044,2.1656,2.0485,1.9556,1.8848,1.8320,1.7926,1.7630,1.7408,1.7239,1.7108,1.7012,1.6950,1.6920,1.6931,1.6989,1.7096,1.7256,1.7464,1.7704,1.7955,1.8196,1.8408,1.8586,1.8728,1.8841,1.8930,1.9003,1.9066,1.9123,1.9177,1.9233,1.9291,1.9357,1.9437,1.9530,1.9650,1.9805,2.0002,2.0253,2.0571,2.0963,2.1438,2.2007,2.2671,2.3426,2.4255,2.5125,2.5998,2.6826,2.7583,2.8271,2.8910,2.9543,3.0213,3.0955,-3.1044,-3.0126,-2.9179,-2.8271,-2.7487,-2.6907,-2.6581,-2.6533,-2.6786,-2.7372,-2.8297,-2.9543,-3.1028,3.0253,2.8838,2.7694,2.6885,2.6414,2.6283,2.6539,2.7388,2.9450,-2.8030,-1.9169,-1.4170,-1.1995,-1.0786,-0.99586,-0.93042,-0.87456,-0.82439,-0.77879,-0.73756,-0.70155,-0.67234,-0.65202,-0.64313,-0.65084,-0.68148,-0.74377,-0.84620,-0.99128,-1.1665,-1.3427,-1.4905,-1.5984,-1.6689,-1.7111,-1.7337,-1.7431,-1.7441,-1.7400,-1.7327,-1.7235,-1.7133,-1.7022,-1.6902,-1.6771,-1.6627,-1.6465,-1.6279,-1.6060,-1.5800,-1.5498,-1.5147,-1.4757,-1.4341,-1.3927,-1.3538,-1.3197,-1.2919,-1.2705,-1.2554,-1.2462,-1.2423,-1.2429,-1.2480,-1.2568,-1.2704,-1.2887,-1.3135,-1.3491,-1.4058,-1.5150,-1.8234,-3.1028,2.3718,2.1818,2.1095,2.0770,2.0650,2.0676,2.0852,2.1210,2.1847,2.2951,2.4894,2.8327,-2.9552,-2.4997,-2.2148,-2.0483,-1.9473,-1.8826,-1.8397,-1.8114,-1.7937,-1.7849,-1.7836,-1.7893,-1.8017,-1.8211,-1.8477,-1.8821,-1.9256,-1.9784,-2.0414,-2.1147
-2.2390,-2.3327,-2.4293,-2.5247,-2.6149,-2.6971,-2.7699,-2.8329,-2.8871,-2.9338,-2.9748,-3.0117,-3.0455,-3.0771,-3.1071,-3.1358,3.1195,3.0911,3.0602,3.0234,2.9754,2.9096,2.8180,2.6945,2.5398,2.3665,2.1971,2.0510,1.9361,1.8507,1.7887,1.7439,1.7112,1.6871,1.6690,1.6550,1.6444,1.6368,1.6320,1.6309,1.6337,1.6413,1.6544,1.6729,1.6964,1.7232,1.7509,1.7772,1.8006,1.8197,1.8350,1.8467,1.8556,1.8624,1.8674,1.8715,1.8747,1.8775,1.8804,1.8836,1.8875,1.8929,1.9007,1.9117,1.9271,1.9475,1.9743,2.0085,2.0505,2.1017,2.1627,2.2339,2.3138,2.4001,2.4889,2.5764,2.6596,2.7378,2.8136,2.8903,2.9728,3.0653,-3.1142,-3.0013,-2.8873,-2.7823,-2.6958,-2.6353,-2.6039,-2.6029,-2.6339,-2.6992,-2.8016,-2.9402,-3.1081,2.9966,2.8307,2.6938,2.5917,2.5233,2.4877,2.4880,2.5492,2.8242,-1.8860,-1.1964,-1.0477,-0.97852,-0.93044,-0.88987,-0.85142,-0.81348,-0.77563,-0.73836,-0.70257,-0.66921,-0.64044,-0.61875,-0.60795,-0.61403,-0.64546,-0.71420,-0.83314,-1.0067,-1.2149,-1.4127,-1.5650,-1.6654,-1.7241,-1.7547,-1.7666,-1.7668,-1.7604,-1.7500,-1.7375,-1.7241,-1.7101,-1.6957,-1.6808,-1.6651,-1.6482,-1.6293,-1.6079,-1.5834,-1.5549,-1.5218,-1.4845,-1.4438,-1.4016,-1.3607,-1.3236,-1.2923,-1.2679,-1.2508,-1.2407,-1.2368,-1.2389,-1.2465,-1.2595,-1.2781,-1.3028,-1.3359,-1.3807,-1.4453,-1.5491,-1.7489,-2.2430,3.0937,2.5360,2.3210,2.2212,2.1699,2.1457,2.1409,2.1550,2.1912,2.2588,2.3770,2.5789,2.9126,-2.9245,-2.5187,-2.2477,-2.0800,-1.9745,-1.9042,-1.8569,-1.8251,-1.8049,-1.7945,-1.7924,-1.7979,-1.8110,-1.8320,-1.8612,-1.8991,-1.9466,-2.0044,-2.0728,-2.1512
-2.2784,-2.3746,-2.4715,-2.5648,-2.6516,-2.7292,-2.7969,-2.8551,-2.9049,-2.9477,-2.9851,-3.0185,-3.0490,-3.0771,-3.1033,-3.1279,3.1314,3.1068,3.0788,3.0426,2.9917,2.9164,2.8057,2.6516,2.4592,2.2537,2.0689,1.9241,1.8192,1.7462,1.6958,1.6608,1.6357,1.6175,1.6039,1.5934,1.5857,1.5807,1.5782,1.5792,1.5841,1.5940,1.6093,1.6302,1.6557,1.6841,1.7134,1.7409,1.7650,1.7848,1.8003,1.8119,1.8204,1.8261,1.8298,1.8320,1.8331,1.8334,1.8331,1.8329,1.8333,1.8351,1.8392,1.8461,1.8574,1.8737,1.8955,1.9241,1.9601,2.0046,2.0589,2.1227,2.1962,2.2778,2.3649,2.4538,2.5423,2.6286,2.7152,2.8064,2.9071,3.0218,-3.1316,-2.9931,-2.8568,-2.7364,-2.6435,-2.5827,-2.5549,-2.5587,-2.5948,-2.6655,-2.7743,-2.9226,-3.1060,2.9759,2.7822,2.6158,2.4831,2.3816,2.3018,2.2319,2.1325,1.0107,-0.74010,-0.82136,-0.84229,-0.84466,-0.83619,-0.82040,-0.79889,-0.77311,-0.74371,-0.71229,-0.67972,-0.64755,-0.61798,-0.59411,-0.58022,-0.58377,-0.61572,-0.69261,-0.83434,-1.0471,-1.2946,-1.5096,-1.6559,-1.7404,-1.7820,-1.7974,-1.7971,-1.7874,-1.7730,-1.7563,-1.7388,-1.7210,-1.7035,-1.6859,-1.6684,-1.6501,-1.6307,-1.6095,-1.5858,-1.5589,-1.5280,-1.4931,-1.4542,-1.4126,-1.3707,-1.3309,-1.2960,-1.2679,-1.2473,-1.2342,-1.2287,-1.2303,-1.2384,-1.2530,-1.2744,-1.3027,-1.3398,-1.3886,-1.4546,-1.5499,-1.7034,-1.9848,-2.5344,3.0551,2.6284,2.4185,2.3072,2.2455,2.2131,2.2038,2.2157,2.2529,2.3241,2.4483,2.6548,2.9767,-2.8997,-2.5296,-2.2697,-2.1010,-1.9913,-1.9165,-1.8656,-1.8309,-1.8087,-1.7968,-1.7941,-1.8003,-1.8147,-1.8379,-1.8700,-1.9122,-1.9649,-2.0285,-2.1027,-2.1867
-2.3166,-2.4148,-2.5111,-2.6022,-2.6847,-2.7578,-2.8208,-2.8745,-2.9201,-2.9592,-2.9932,-3.0232,-3.0502,-3.0745,-3.0964,-3.1163,-3.1353,3.1280,3.1037,3.0689,3.0143,2.9264,2.7885,2.5904,2.3484,2.1119,1.9230,1.7911,1.7040,1.6475,1.6104,1.5856,1.5686,1.5564,1.5474,1.5409,1.5365,1.5341,1.5345,1.5379,1.5453,1.5572,1.5744,1.5968,1.6235,1.6528,1.6822,1.7097,1.7337,1.7531,1.7683,1.7793,1.7867,1.7912,1.7935,1.7938,1.7927,1.7905,1.7875,1.7843,1.7817,1.7803,1.7809,1.7849,1.7924,1.8046,1.8221,1.8454,1.8755,1.9129,1.9587,2.0137,2.0783,2.1517,2.2329,2.3185,2.4069,2.4974,2.5924,2.6969,2.8173,2.9583,3.1203,-2.9909,-2.8282,-2.6932,-2.5960,-2.5378,-2.5150,-2.5233,-2.5636,-2.6361,-2.7458,-2.8982,-3.0931,2.9663,2.7379,2.5313,2.3531,2.1964,2.0333,1.7888,1.1502,-0.042634,-0.50245,-0.65951,-0.72979,-0.76282,-0.77598,-0.77559,-0.76549,-0.74815,-0.72493,-0.69741,-0.66708,-0.63495,-0.60390,-0.57692,-0.55913,-0.55950,-0.59211,-0.68107,-0.85680,-1.1262,-1.4184,-1.6361,-1.7608,-1.8198,-1.8398,-1.8378,-1.8237,-1.8040,-1.7816,-1.7585,-1.7360,-1.7142,-1.6933,-1.6731,-1.6529,-1.6324,-1.6108,-1.5877,-1.5621,-1.5333,-1.5009,-1.4643,-1.4248,-1.3832,-1.3423,-1.3045,-1.2723,-1.2473,-1.2303,-1.2216,-1.2206,-1.2274,-1.2416,-1.2633,-1.2931,-1.3318,-1.3819,-1.4470,-1.5356,-1.6630,-1.8630,-2.2002,-2.7225,3.0294,2.6831,2.4870,2.3725,2.3051,2.2683,2.2561,2.2670,2.3056,2.3806,2.5093,2.7169,3.0269,-2.8776,-2.5316,-2.2806,-2.1115,-1.9977,-1.9194,-1.8651,-1.8283,-1.8045,-1.7920,-1.7895,-1.7964,-1.8129,-1.8387,-1.8751,-1.9223,-1.9808,-2.0509,-2.1314,-2.2209
-2.3539,-2.4532,-2.5486,-2.6365,-2.7150,-2.7833,-2.8419,-2.8912,-2.9330,-2.9686,-2.9992,-3.0258,-3.0489,-3.0689,-3.0858,-3.1001,-3.1129,-3.1265,3.1377,3.1055,3.0471,2.9420,2.7639,2.5006,2.1980,1.9418,1.7680,1.6614,1.5974,1.5590,1.5356,1.5208,1.5115,1.5053,1.5010,1.4984,1.4974,1.4981,1.5013,1.5072,1.5167,1.5306,1.5490,1.5721,1.5989,1.6277,1.6564,1.6830,1.7059,1.7244,1.7384,1.7483,1.7545,1.7577,1.7583,1.7568,1.7535,1.7490,1.7436,1.7379,1.7327,1.7288,1.7271,1.7282,1.7330,1.7419,1.7555,1.7741,1.7980,1.8283,1.8658,1.9113,1.9655,2.0281,2.0989,2.1757,2.2581,2.3462,2.4440,2.5567,2.6941,2.8646,3.0672,-3.0009,-2.8071,-2.6574,-2.5588,-2.5051,-2.4873,-2.4998,-2.5399,-2.6099,-2.7149,-2.8629,-3.0629,2.9721,2.6977,2.4290,2.1796,1.9325,1.6288,1.1456,0.42265,-0.14298,-0.43282,-0.58218,-0.66580,-0.71331,-0.73843,-0.74812,-0.74590,-0.73490,-0.71638,-0.69196,-0.66296,-0.63064,-0.59757,-0.56717,-0.54493,-0.54147,-0.57629,-0.68404,-0.91594,-1.2694,-1.5964,-1.7887,-1.8739,-1.8992,-1.8940,-1.8735,-1.8459,-1.8157,-1.7856,-1.7566,-1.7294,-1.7040,-1.6800,-1.6573,-1.6349,-1.6124,-1.5892,-1.5645,-1.5374,-1.5074,-1.4740,-1.4368,-1.3973,-1.3566,-1.3175,-1.2822,-1.2530,-1.2314,-1.2181,-1.2134,-1.2171,-1.2289,-1.2492,-1.2783,-1.3167,-1.3660,-1.4296,-1.5121,-1.6233,-1.7815,-2.0193,-2.3798,-2.8471,3.0087,2.7161,2.5341,2.4205,2.3506,2.3113,2.2975,2.3087,2.3487,2.4265,2.5582,2.7659,3.0665,-2.8568,-2.5257,-2.2795,-2.1090,-1.9930,-1.9117,-1.8551,-1.8168,-1.7925,-1.7800,-1.7783,-1.7870,-1.8060,-1.8356,-1.8768,-1.9298,-1.9948,-2.0721,-2.1593,-2.2546
-2.3902,-2.4904,-2.5838,-2.6683,-2.7426,-2.8064,-2.8604,-2.9057,-2.9438,-2.9760,-3.0031,-3.0261,-3.0450,-3.0598,-3.0706,-3.0778,-3.0825,-3.0874,-3.0984,-3.1254,3.0968,2.9687,2.7274,2.3635,1.9995,1.7542,1.6167,1.5434,1.5046,1.4840,1.4734,1.4683,1.4659,1.4651,1.4655,1.4666,1.4690,1.4729,1.4784,1.4866,1.4979,1.5128,1.5319,1.5549,1.5809,1.6082,1.6352,1.6599,1.6810,1.6979,1.7104,1.7187,1.7235,1.7252,1.7241,1.7208,1.7157,1.7091,1.7017,1.6942,1.6870,1.6813,1.6777,1.6769,1.6797,1.6861,1.6960,1.7101,1.7290,1.7526,1.7825,1.8186,1.8619,1.9126,1.9703,2.0344,2.1053,2.1833,2.2733,2.3848,2.5301,2.7273,2.9781,-3.0341,-2.8014,-2.6369,-2.5377,-2.4880,-2.4732,-2.4852,-2.5219,-2.5827,-2.6761,-2.8126,-3.0095,3.0014,2.6593,2.2854,1.9175,1.5455,1.1178,0.61734,0.14395,-0.19388,-0.40872,-0.54353,-0.62971,-0.68446,-0.71671,-0.73338,-0.73734,-0.73130,-0.71664,-0.69491,-0.66719,-0.63483,-0.59943,-0.56525,-0.53791,-0.53109,-0.57019,-0.71412,-1.0515,-1.5200,-1.8320,-1.9571,-1.9871,-1.9743,-1.9427,-1.9034,-1.8626,-1.8224,-1.7851,-1.7506,-1.7192,-1.6905,-1.6640,-1.6391,-1.6149,-1.5911,-1.5666,-1.5407,-1.5127,-1.4819,-1.4482,-1.4116,-1.3728,-1.3341,-1.2972,-1.2648,-1.2390,-1.2211,-1.2115,-1.2108,-1.2189,-1.2359,-1.2623,-1.2985,-1.3459,-1.4064,-1.4838,-1.5840,-1.7172,-1.9020,-2.1649,-2.5238,-2.9358,2.9902,2.7346,2.5652,2.4540,2.3834,2.3431,2.3287,2.3403,2.3817,2.4615,2.5951,2.8033,3.0994,-2.8334,-2.5100,-2.2653,-2.0937,-1.9759,-1.8932,-1.8359,-1.7971,-1.7731,-1.7615,-1.7614,-1.7725,-1.7947,-1.8290,-1.8757,-1.9355,-2.0081,-2.0928,-2.1872,-2.2877
-2.4260,-2.5258,-2.6170,-2.6979,-2.7676,-2.8269,-2.8766,-2.9181,-2.9527,-2.9815,-3.0050,-3.0239,-3.0377,-3.0464,-3.0496,-3.0474,-3.0412,-3.0338,-3.0318,-3.0480,-3.1078,3.0179,2.6681,2.1494,1.7592,1.5674,1.4815,1.4437,1.4287,1.4246,1.4253,1.4283,1.4323,1.4366,1.4411,1.4459,1.4512,1.4577,1.4656,1.4754,1.4877,1.5031,1.5218,1.5436,1.5677,1.5929,1.6173,1.6395,1.6583,1.6731,1.6837,1.6904,1.6935,1.6935,1.6909,1.6859,1.6791,1.6711,1.6620,1.6530,1.6447,1.6377,1.6332,1.6313,1.6323,1.6364,1.6437,1.6543,1.6688,1.6868,1.7094,1.7370,1.7704,1.8092,1.8536,1.9030,1.9576,2.0191,2.0928,2.1894,2.3285,2.5375,2.8354,-3.1073,-2.8226,-2.6406,-2.5380,-2.4884,-2.4715,-2.4781,-2.5042,-2.5511,-2.6253,-2.7401,-2.9195,3.0707,2.6103,2.0285,1.4949,1.0601,0.67110,0.31242,0.0064832,-0.23017,-0.40342,-0.52535,-0.61053,-0.66883,-0.70660,-0.72843,-0.73757,-0.73597,-0.72502,-0.70621,-0.67980,-0.64761,-0.61083,-0.57278,-0.54083,-0.53077,-0.58205,-0.80601,-1.3720,-1.9033,-2.0926,-2.1225,-2.0929,-2.0413,-1.9835,-1.9263,-1.8727,-1.8238,-1.7799,-1.7406,-1.7058,-1.6743,-1.6456,-1.6191,-1.5938,-1.5688,-1.5434,-1.5170,-1.4888,-1.4581,-1.4247,-1.3890,-1.3523,-1.3159,-1.2822,-1.2532,-1.2311,-1.2168,-1.2110,-1.2143,-1.2269,-1.2491,-1.2816,-1.3253,-1.3820,-1.4539,-1.5450,-1.6617,-1.8145,-2.0200,-2.2955,-2.6391,-3.0017,2.9718,2.7426,2.5834,2.4752,2.4049,2.3639,2.3494,2.3613,2.4036,2.4848,2.6208,2.8303,3.1270,-2.8066,-2.4831,-2.2377,-2.0655,-1.9471,-1.8646,-1.8076,-1.7696,-1.7468,-1.7371,-1.7394,-1.7536,-1.7800,-1.8195,-1.8725,-1.9398,-2.0205,-2.1133,-2.2149,-2.3204
-2.4608,-2.5599,-2.6483,-2.7250,-2.7905,-2.8453,-2.8909,-2.9287,-2.9598,-2.9850,-3.0046,-3.0187,-3.0266,-3.0275,-3.0208,-3.0062,-2.9847,-2.9593,-2.9365,-2.9306,-2.9752,3.1196,2.5529,1.8209,1.5063,1.4019,1.3702,1.3658,1.3716,1.3811,1.3917,1.4017,1.4111,1.4197,1.4277,1.4357,1.4437,1.4521,1.4615,1.4723,1.4850,1.4999,1.5173,1.5370,1.5585,1.5806,1.6020,1.6212,1.6371,1.6494,1.6579,1.6628,1.6642,1.6626,1.6584,1.6521,1.6438,1.6344,1.6245,1.6146,1.6057,1.5985,1.5932,1.5905,1.5906,1.5932,1.5985,1.6062,1.6167,1.6302,1.6469,1.6675,1.6922,1.7203,1.7520,1.7867,1.8246,1.8678,1.9208,1.9939,2.1088,2.3033,2.6266,3.0457,-2.8864,-2.6746,-2.5621,-2.5044,-2.4785,-2.4730,-2.4828,-2.5096,-2.5556,-2.6343,-2.7729,-3.0556,2.5121,1.4682,0.93898,0.62862,0.37240,0.13581,-0.078789,-0.26056,-0.40696,-0.51935,-0.60271,-0.66331,-0.70517,-0.73161,-0.74543,-0.74814,-0.74136,-0.72559,-0.70196,-0.67065,-0.63349,-0.59354,-0.55807,-0.54900,-0.63831,-1.1239,-2.0390,-2.3240,-2.3340,-2.2686,-2.1833,-2.0964,-2.0150,-1.9415,-1.8766,-1.8198,-1.7705,-1.7272,-1.6894,-1.6561,-1.6257,-1.5980,-1.5718,-1.5462,-1.5208,-1.4944,-1.4665,-1.4365,-1.4044,-1.3706,-1.3363,-1.3031,-1.2730,-1.2480,-1.2297,-1.2193,-1.2174,-1.2249,-1.2420,-1.2694,-1.3084,-1.3598,-1.4257,-1.5087,-1.6127,-1.7443,-1.9131,-2.1312,-2.4076,-2.7301,-3.0540,2.9531,2.7424,2.5906,2.4851,2.4150,2.3738,2.3590,2.3713,2.4146,2.4974,2.6349,2.8483,-3.1312,-2.7722,-2.4424,-2.1949,-2.0235,-1.9065,-1.8260,-1.7711,-1.7354,-1.7148,-1.7078,-1.7132,-1.7314,-1.7626,-1.8079,-1.8680,-1.9434,-2.0331,-2.1343,-2.2433,-2.3534
-2.4949,-2.5926,-2.6778,-2.7504,-2.8111,-2.8618,-2.9034,-2.9376,-2.9651,-2.9865,-3.0016,-3.0099,-3.0103,-3.0012,-2.9815,-2.9503,-2.9074,-2.8551,-2.7986,-2.7510,-2.7434,-2.9085,2.2234,1.3987,1.2796,1.2705,1.2872,1.3101,1.3333,1.3541,1.3727,1.3884,1.4021,1.4143,1.4254,1.4357,1.4456,1.4554,1.4656,1.4764,1.4884,1.5019,1.5171,1.5340,1.5521,1.5706,1.5883,1.6040,1.6170,1.6267,1.6330,1.6359,1.6355,1.6324,1.6268,1.6191,1.6098,1.5997,1.5892,1.5791,1.5701,1.5627,1.5575,1.5546,1.5541,1.5557,1.5593,1.5650,1.5726,1.5824,1.5948,1.6094,1.6266,1.6459,1.6667,1.6888,1.7126,1.7387,1.7722,1.8217,1.9080,2.0704,2.3783,2.8487,-3.0030,-2.7445,-2.6069,-2.5320,-2.4883,-2.4644,-2.4516,-2.4507,-2.4593,-2.4840,-2.5299,-2.6420,1.4251,0.62402,0.47512,0.33522,0.18338,0.022112,-0.13891,-0.28748,-0.41573,-0.52070,-0.60307,-0.66544,-0.71100,-0.74200,-0.76029,-0.76769,-0.76542,-0.75414,-0.73439,-0.70682,-0.67218,-0.63428,-0.60213,-0.61324,-0.88947,-2.3032,-2.6775,-2.6383,-2.5204,-2.3864,-2.2561,-2.1387,-2.0364,-1.9488,-1.8743,-1.8108,-1.7570,-1.7111,-1.6710,-1.6360,-1.6048,-1.5764,-1.5500,-1.5246,-1.4993,-1.4735,-1.4465,-1.4179,-1.3879,-1.3567,-1.3257,-1.2962,-1.2702,-1.2493,-1.2352,-1.2289,-1.2314,-1.2431,-1.2650,-1.2982,-1.3435,-1.4026,-1.4775,-1.5707,-1.6868,-1.8302,-2.0095,-2.2328,-2.5019,-2.8021,-3.0973,2.9332,2.7350,2.5887,2.4846,2.4147,2.3734,2.3586,2.3710,2.4142,2.4977,2.6377,2.8574,-3.1065,-2.7284,-2.3857,-2.1360,-1.9678,-1.8548,-1.7786,-1.7278,-1.6956,-1.6785,-1.6751,-1.6845,-1.7070,-1.7434,-1.7952,-1.8628,-1.9471,-2.0457,-2.1560,-2.2718,-2.3866
-2.5281,-2.6236,-2.7051,-2.7734,-2.8298,-2.8762,-2.9142,-2.9446,-2.9685,-2.9857,-2.9955,-2.9967,-2.9874,-2.9655,-2.9283,-2.8741,-2.8016,-2.7112,-2.6049,-2.4863,-2.3589,-2.1973,0.78978,1.0104,1.1048,1.1759,1.2321,1.2773,1.3139,1.3434,1.3678,1.3880,1.4052,1.4200,1.4331,1.4451,1.4562,1.4665,1.4764,1.4864,1.4967,1.5077,1.5199,1.5332,1.5474,1.5618,1.5756,1.5878,1.5978,1.6047,1.6086,1.6095,1.6075,1.6028,1.5959,1.5872,1.5774,1.5667,1.5561,1.5462,1.5375,1.5305,1.5258,1.5230,1.5222,1.5232,1.5258,1.5300,1.5356,1.5427,1.5514,1.5615,1.5729,1.5851,1.5976,1.6097,1.6220,1.6354,1.6547,1.6887,1.7549,1.8876,2.1560,2.6167,3.1131,-2.8479,-2.6693,-2.5638,-2.4944,-2.4436,-2.4023,-2.3660,-2.3264,-2.2707,-2.1513,-1.6895,-0.26019,0.14267,0.19271,0.14824,0.058015,-0.057954,-0.18553,-0.31191,-0.42769,-0.52750,-0.60918,-0.67402,-0.72301,-0.75858,-0.78196,-0.79480,-0.79826,-0.79314,-0.78033,-0.76033,-0.73577,-0.71155,-0.70968,-0.87526,-2.5855,-3.0323,-2.9715,-2.8253,-2.6494,-2.4729,-2.3093,-2.1674,-2.0477,-1.9484,-1.8662,-1.7977,-1.7405,-1.6923,-1.6510,-1.6153,-1.5836,-1.5554,-1.5292,-1.5042,-1.4798,-1.4551,-1.4297,-1.4032,-1.3758,-1.3479,-1.3207,-1.2956,-1.2741,-1.2578,-1.2483,-1.2465,-1.2534,-1.2700,-1.2970,-1.3358,-1.3876,-1.4541,-1.5373,-1.6399,-1.7649,-1.9162,-2.0998,-2.3208,-2.5796,-2.8601,-3.1339,2.9115,2.7210,2.5776,2.4742,2.4041,2.3625,2.3474,2.3595,2.4024,2.4861,2.6287,2.8594,-3.0795,-2.6680,-2.3092,-2.0607,-1.8988,-1.7935,-1.7240,-1.6789,-1.6517,-1.6394,-1.6402,-1.6540,-1.6814,-1.7236,-1.7820,-1.8579,-1.9510,-2.0595,-2.1786,-2.3009,-2.4193
-2.5602,-2.6530,-2.7306,-2.7944,-2.8466,-2.8890,-2.9232,-2.9500,-2.9698,-2.9820,-2.9854,-2.9776,-2.9558,-2.9166,-2.8562,-2.7716,-2.6598,-2.5204,-2.3536,-2.1548,-1.8914,-1.3695,0.018805,0.73801,0.98561,1.1180,1.2048,1.2666,1.3129,1.3486,1.3772,1.4005,1.4198,1.4364,1.4507,1.4633,1.4743,1.4841,1.4929,1.5009,1.5086,1.5164,1.5247,1.5338,1.5437,1.5538,1.5636,1.5722,1.5789,1.5831,1.5847,1.5836,1.5798,1.5738,1.5660,1.5566,1.5462,1.5354,1.5250,1.5155,1.5076,1.5014,1.4972,1.4948,1.4943,1.4951,1.4972,1.5003,1.5048,1.5099,1.5160,1.5228,1.5298,1.5366,1.5425,1.5477,1.5524,1.5588,1.5708,1.5978,1.6544,1.7717,2.0013,2.4133,2.9234,-2.9727,-2.7404,-2.5928,-2.4883,-2.4041,-2.3271,-2.2476,-2.1481,-1.9940,-1.6884,-1.0445,-0.36757,-0.067965,0.025347,0.024138,-0.030752,-0.11821,-0.22367,-0.33477,-0.44228,-0.53843,-0.62044,-0.68798,-0.74091,-0.78143,-0.81050,-0.82972,-0.84097,-0.84505,-0.84391,-0.83978,-0.83992,-0.86723,-1.0474,-2.5165,3.0778,3.0714,-3.0987,-2.9302,-2.7336,-2.5310,-2.3441,-2.1830,-2.0492,-1.9407,-1.8525,-1.7808,-1.7215,-1.6720,-1.6302,-1.5945,-1.5632,-1.5353,-1.5098,-1.4859,-1.4629,-1.4399,-1.4167,-1.3930,-1.3688,-1.3448,-1.3219,-1.3015,-1.2850,-1.2737,-1.2692,-1.2724,-1.2841,-1.3058,-1.3381,-1.3829,-1.4413,-1.5149,-1.6054,-1.7144,-1.8441,-1.9987,-2.1814,-2.3955,-2.6411,-2.9057,3.1174,2.8876,2.7008,2.5583,2.4548,2.3843,2.3422,2.3260,2.3371,2.3790,2.4622,2.6079,2.8533,-3.0459,-2.5852,-2.2092,-1.9677,-1.8185,-1.7245,-1.6644,-1.6267,-1.6056,-1.5987,-1.6045,-1.6232,-1.6562,-1.7041,-1.7695,-1.8536,-1.9562,-2.0740,-2.2021,-2.3304,-2.4516
-2.5908,-2.6805,-2.7540,-2.8135,-2.8615,-2.9000,-2.9305,-2.9534,-2.9687,-2.9750,-2.9701,-2.9507,-2.9124,-2.8507,-2.7599,-2.6364,-2.4791,-2.2909,-2.0789,-1.8413,-1.5455,-1.0698,-0.19122,0.56692,0.91615,1.0955,1.2041,1.2775,1.3303,1.3698,1.4006,1.4253,1.4457,1.4626,1.4769,1.4890,1.4990,1.5073,1.5138,1.5188,1.5229,1.5266,1.5306,1.5351,1.5404,1.5462,1.5519,1.5569,1.5603,1.5620,1.5613,1.5582,1.5531,1.5459,1.5370,1.5270,1.5165,1.5060,1.4961,1.4872,1.4802,1.4749,1.4715,1.4698,1.4697,1.4707,1.4728,1.4756,1.4791,1.4831,1.4874,1.4917,1.4956,1.4985,1.5002,1.5011,1.5018,1.5052,1.5164,1.5432,1.6001,1.7105,1.9155,2.2677,2.7434,-3.1074,-2.8098,-2.6098,-2.4606,-2.3351,-2.2151,-2.0855,-1.9214,-1.6795,-1.3004,-0.80712,-0.40169,-0.17683,-0.080318,-0.062701,-0.096791,-0.16547,-0.25609,-0.35697,-0.45860,-0.55289,-0.63612,-0.70690,-0.76442,-0.81023,-0.84637,-0.87395,-0.89548,-0.91329,-0.93101,-0.95917,-1.0225,-1.2312,-2.2221,3.1197,2.9747,3.0109,3.1260,-2.9883,-2.7829,-2.5658,-2.3620,-2.1858,-2.0418,-1.9269,-1.8347,-1.7608,-1.7005,-1.6511,-1.6095,-1.5742,-1.5438,-1.5169,-1.4928,-1.4704,-1.4492,-1.4285,-1.4081,-1.3875,-1.3671,-1.3475,-1.3294,-1.3141,-1.3029,-1.2972,-1.2980,-1.3065,-1.3237,-1.3507,-1.3891,-1.4398,-1.5041,-1.5836,-1.6788,-1.7915,-1.9227,-2.0748,-2.2514,-2.4553,-2.6892,-2.9420,3.0886,2.8620,2.6747,2.5312,2.4265,2.3547,2.3117,2.2948,2.3041,2.3439,2.4247,2.5729,2.8392,-2.9977,-2.4689,-2.0833,-1.8599,-1.7299,-1.6507,-1.6018,-1.5731,-1.5593,-1.5585,-1.5698,-1.5939,-1.6319,-1.6857,-1.7581,-1.8504,-1.9624,-2.0901,-2.2261,-2.3601,-2.4833
-2.6197,-2.7061,-2.7755,-2.8307,-2.8746,-2.9093,-2.9359,-2.9547,-2.9645,-2.9634,-2.9480,-2.9134,-2.8537,-2.7622,-2.6342,-2.4673,-2.2697,-2.0557,-1.8382,-1.6156,-1.3605,-0.98522,-0.31540,0.46077,0.89202,1.1077,1.2314,1.3108,1.3660,1.4066,1.4375,1.4620,1.4816,1.4978,1.5109,1.5213,1.5291,1.5344,1.5377,1.5388,1.5386,1.5378,1.5369,1.5365,1.5371,1.5385,1.5402,1.5417,1.5421,1.5411,1.5384,1.5336,1.5269,1.5187,1.5092,1.4989,1.4883,1.4782,1.4689,1.4609,1.4548,1.4505,1.4482,1.4473,1.4479,1.4495,1.4518,1.4548,1.4580,1.4614,1.4646,1.4671,1.4688,1.4693,1.4688,1.4678,1.4679,1.4722,1.4859,1.5176,1.5784,1.6874,1.8730,2.1728,2.5938,3.0467,-2.8715,-2.6042,-2.3981,-2.2227,-2.0564,-1.8785,-1.6646,-1.3907,-1.0489,-0.69624,-0.41757,-0.24126,-0.15152,-0.12579,-0.14729,-0.20413,-0.28473,-0.37866,-0.47675,-0.57078,-0.65580,-0.73032,-0.79325,-0.84602,-0.89046,-0.92859,-0.96417,-1.0025,-1.0539,-1.1437,-1.3559,-2.0109,-2.9575,3.0039,2.9442,2.9892,3.1011,-3.0158,-2.8075,-2.5806,-2.3640,-2.1776,-2.0265,-1.9072,-1.8136,-1.7390,-1.6790,-1.6299,-1.5894,-1.5553,-1.5262,-1.5010,-1.4786,-1.4583,-1.4395,-1.4216,-1.4041,-1.3873,-1.3712,-1.3561,-1.3434,-1.3336,-1.3282,-1.3282,-1.3348,-1.3490,-1.3721,-1.4051,-1.4491,-1.5053,-1.5745,-1.6580,-1.7558,-1.8681,-1.9957,-2.1410,-2.3075,-2.5003,-2.7233,-2.9691,3.0630,2.8335,2.6429,2.4961,2.3895,2.3166,2.2724,2.2536,2.2602,2.2956,2.3724,2.5211,2.8138,-2.9242,-2.3061,-1.9325,-1.7408,-1.6357,-1.5747,-1.5386,-1.5199,-1.5144,-1.5200,-1.5370,-1.5664,-1.6098,-1.6696,-1.7490,-1.8494,-1.9702,-2.1072,-2.2508,-2.3896,-2.5138
-2.6465,-2.7294,-2.7945,-2.8454,-2.8855,-2.9164,-2.9391,-2.9529,-2.9564,-2.9460,-2.9168,-2.8621,-2.7745,-2.6469,-2.4772,-2.2749,-2.0599,-1.8538,-1.6643,-1.4831,-1.2811,-0.98792,-0.42934,0.39833,0.91625,1.1577,1.2873,1.3666,1.4202,1.4585,1.4873,1.5097,1.5271,1.5408,1.5513,1.5586,1.5631,1.5647,1.5636,1.5602,1.5550,1.5489,1.5428,1.5376,1.5334,1.5305,1.5285,1.5266,1.5243,1.5209,1.5160,1.5096,1.5018,1.4926,1.4827,1.4722,1.4618,1.4520,1.4435,1.4363,1.4314,1.4281,1.4268,1.4270,1.4284,1.4309,1.4339,1.4372,1.4406,1.4437,1.4463,1.4479,1.4486,1.4481,1.4471,1.4462,1.4481,1.4557,1.4753,1.5134,1.5799,1.6875,1.8546,2.1084,2.4716,2.9253,-2.9158,-2.5587,-2.2828,-2.0544,-1.8481,-1.6409,-1.4145,-1.1610,-0.88959,-0.63316,-0.42596,-0.28337,-0.20203,-0.17374,-0.18840,-0.23693,-0.31094,-0.40040,-0.49660,-0.59158,-0.67978,-0.75883,-0.82836,-0.88911,-0.94362,-0.99583,-1.0516,-1.1208,-1.2265,-1.4284,-1.8934,-2.6771,3.1299,2.9649,2.9366,2.9853,3.0948,-3.0237,-2.8130,-2.5787,-2.3533,-2.1597,-2.0046,-1.8837,-1.7899,-1.7159,-1.6572,-1.6096,-1.5708,-1.5384,-1.5112,-1.4879,-1.4677,-1.4500,-1.4338,-1.4191,-1.4053,-1.3925,-1.3810,-1.3711,-1.3637,-1.3598,-1.3604,-1.3665,-1.3793,-1.3997,-1.4288,-1.4676,-1.5167,-1.5776,-1.6508,-1.7354,-1.8321,-1.9402,-2.0603,-2.1946,-2.3496,-2.5306,-2.7448,-2.9883,3.0397,2.8026,2.6049,2.4536,2.3448,2.2703,2.2244,2.2032,2.2055,2.2344,2.3026,2.4458,2.7713,-2.7939,-2.0845,-1.7613,-1.6158,-1.5405,-1.4989,-1.4772,-1.4693,-1.4716,-1.4841,-1.5071,-1.5419,-1.5907,-1.6564,-1.7422,-1.8503,-1.9800,-2.1255,-2.2760,-2.4183,-2.5430
-2.6708,-2.7498,-2.8109,-2.8579,-2.8942,-2.9212,-2.9396,-2.9478,-2.9430,-2.9203,-2.8732,-2.7927,-2.6704,-2.5027,-2.2982,-2.0815,-1.8798,-1.7060,-1.5574,-1.4193,-1.2666,-1.0407,-0.56551,0.37603,1.0007,1.2512,1.3740,1.4456,1.4922,1.5250,1.5489,1.5670,1.5804,1.5902,1.5965,1.5996,1.5996,1.5965,1.5903,1.5816,1.5710,1.5595,1.5481,1.5377,1.5291,1.5222,1.5166,1.5117,1.5067,1.5012,1.4945,1.4867,1.4778,1.4679,1.4576,1.4469,1.4368,1.4275,1.4196,1.4135,1.4095,1.4073,1.4070,1.4085,1.4112,1.4146,1.4184,1.4224,1.4260,1.4294,1.4318,1.4332,1.4335,1.4333,1.4327,1.4342,1.4398,1.4532,1.4794,1.5246,1.5948,1.6983,1.8468,2.0588,2.3667,2.8096,-2.9325,-2.4471,-2.0909,-1.8251,-1.6053,-1.4028,-1.2008,-0.99332,-0.78590,-0.59255,-0.43117,-0.31256,-0.23997,-0.21142,-0.22207,-0.26576,-0.33543,-0.42255,-0.51857,-0.61565,-0.70789,-0.79288,-0.86957,-0.94043,-1.0083,-1.0791,-1.1624,-1.2774,-1.4653,-1.8219,-2.4254,-2.9638,3.0526,2.9507,2.9389,2.9909,3.1004,-3.0177,-2.8030,-2.5627,-2.3311,-2.1339,-1.9778,-1.8573,-1.7647,-1.6927,-1.6362,-1.5910,-1.5541,-1.5239,-1.4991,-1.4782,-1.4606,-1.4456,-1.4327,-1.4214,-1.4115,-1.4032,-1.3964,-1.3920,-1.3903,-1.3924,-1.3993,-1.4118,-1.4308,-1.4575,-1.4921,-1.5363,-1.5903,-1.6543,-1.7282,-1.8117,-1.9034,-2.0033,-2.1128,-2.2351,-2.3766,-2.5460,-2.7534,-2.9991,3.0189,2.7688,2.5608,2.4041,2.2926,2.2167,2.1689,2.1439,2.1393,2.1586,2.2111,2.3369,2.6932,-2.5343,-1.8056,-1.5815,-1.4907,-1.4474,-1.4263,-1.4189,-1.4212,-1.4323,-1.4516,-1.4808,-1.5208,-1.5749,-1.6458,-1.7382,-1.8535,-1.9911,-2.1442,-2.3009,-2.4456,-2.5699
-2.6922,-2.7674,-2.8245,-2.8679,-2.9005,-2.9234,-2.9366,-2.9379,-2.9227,-2.8842,-2.8136,-2.7009,-2.5395,-2.3362,-2.1175,-1.9144,-1.7458,-1.6121,-1.5026,-1.4038,-1.2966,-1.1374,-0.75836,0.41194,1.1714,1.3947,1.4920,1.5463,1.5807,1.6042,1.6204,1.6320,1.6397,1.6440,1.6451,1.6431,1.6376,1.6288,1.6170,1.6024,1.5860,1.5688,1.5521,1.5370,1.5241,1.5134,1.5046,1.4968,1.4896,1.4820,1.4739,1.4650,1.4551,1.4447,1.4340,1.4233,1.4134,1.4046,1.3974,1.3920,1.3889,1.3880,1.3891,1.3917,1.3956,1.4001,1.4049,1.4097,1.4140,1.4176,1.4204,1.4221,1.4230,1.4238,1.4256,1.4304,1.4412,1.4609,1.4937,1.5440,1.6159,1.7128,1.8401,2.0127,2.2645,2.6886,-2.8967,-2.2177,-1.8096,-1.5553,-1.3631,-1.1963,-1.0354,-0.87449,-0.71531,-0.56456,-0.43450,-0.33401,-0.26938,-0.24222,-0.25095,-0.29189,-0.35942,-0.44579,-0.54305,-0.64322,-0.74048,-0.83247,-0.91863,-1.0018,-1.0864,-1.1819,-1.3022,-1.4799,-1.7716,-2.2391,-2.7550,-3.0964,3.0146,2.9466,2.9467,3.0030,3.1144,-3.0006,-2.7809,-2.5352,-2.3000,-2.1014,-1.9468,-1.8287,-1.7394,-1.6705,-1.6166,-1.5740,-1.5399,-1.5124,-1.4902,-1.4722,-1.4576,-1.4458,-1.4362,-1.4287,-1.4229,-1.4191,-1.4174,-1.4184,-1.4227,-1.4310,-1.4441,-1.4629,-1.4878,-1.5204,-1.5606,-1.6092,-1.6661,-1.7311,-1.8032,-1.8819,-1.9663,-2.0558,-2.1529,-2.2614,-2.3896,-2.5482,-2.7504,-3.0014,3.0006,2.7320,2.5111,2.3485,2.2343,2.1571,2.1064,2.0761,2.0625,2.0662,2.0931,2.1749,2.5206,-1.9704,-1.5065,-1.4079,-1.3725,-1.3593,-1.3580,-1.3642,-1.3772,-1.3965,-1.4230,-1.4578,-1.5033,-1.5625,-1.6389,-1.7369,-1.8582,-2.0037,-2.1631,-2.3242,-2.4710,-2.5939
-2.7094,-2.7812,-2.8350,-2.8747,-2.9035,-2.9222,-2.9295,-2.9218,-2.8929,-2.8341,-2.7340,-2.5839,-2.3857,-2.1646,-1.9578,-1.7881,-1.6590,-1.5623,-1.4879,-1.4257,-1.3631,-1.2775,-1.0610,0.65342,1.4603,1.5875,1.6382,1.6656,1.6821,1.6929,1.6994,1.7025,1.7031,1.7008,1.6955,1.6872,1.6756,1.6606,1.6425,1.6218,1.5994,1.5766,1.5547,1.5350,1.5180,1.5040,1.4923,1.4822,1.4731,1.4639,1.4545,1.4445,1.4340,1.4231,1.4121,1.4014,1.3916,1.3832,1.3765,1.3721,1.3701,1.3702,1.3725,1.3763,1.3815,1.3873,1.3932,1.3989,1.4040,1.4082,1.4113,1.4139,1.4161,1.4191,1.4242,1.4337,1.4499,1.4761,1.5144,1.5682,1.6372,1.7239,1.8285,1.9621,2.1545,2.5406,-2.7160,-1.8126,-1.4775,-1.2941,-1.1574,-1.0340,-0.91331,-0.78988,-0.66524,-0.54458,-0.43688,-0.35088,-0.29345,-0.26826,-0.27659,-0.31639,-0.38340,-0.47044,-0.57001,-0.67471,-0.77853,-0.87907,-0.97678,-1.0751,-1.1812,-1.3080,-1.4781,-1.7295,-2.1058,-2.5625,-2.9391,3.1139,2.9935,2.9474,2.9576,3.0193,3.1352,-2.9742,-2.7483,-2.4971,-2.2608,-2.0645,-1.9138,-1.8003,-1.7148,-1.6497,-1.5992,-1.5598,-1.5287,-1.5042,-1.4850,-1.4702,-1.4587,-1.4503,-1.4444,-1.4407,-1.4393,-1.4401,-1.4436,-1.4501,-1.4603,-1.4746,-1.4936,-1.5184,-1.5493,-1.5868,-1.6313,-1.6826,-1.7403,-1.8040,-1.8725,-1.9440,-2.0184,-2.0960,-2.1794,-2.2737,-2.3884,-2.5359,-2.7343,-2.9941,2.9856,2.6928,2.4565,2.2874,2.1708,2.0916,2.0377,2.0006,1.9747,1.9556,1.9418,1.9303,1.9187,-1.2304,-1.2402,-1.2510,-1.2635,-1.2776,-1.2941,-1.3141,-1.3370,-1.3643,-1.3977,-1.4382,-1.4888,-1.5531,-1.6345,-1.7373,-1.8648,-2.0162,-2.1807,-2.3452,-2.4921,-2.6139
-2.7222,-2.7910,-2.8413,-2.8778,-2.9027,-2.9166,-2.9164,-2.8975,-2.8510,-2.7664,-2.6311,-2.4437,-2.2238,-2.0101,-1.8341,-1.7035,-1.6116,-1.5479,-1.5047,-1.4767,-1.4623,-1.4645,-1.5212,2.2157,1.8470,1.8139,1.8025,1.7965,1.7921,1.7875,1.7825,1.7763,1.7683,1.7582,1.7459,1.7306,1.7122,1.6906,1.6660,1.6389,1.6105,1.5821,1.5554,1.5314,1.5110,1.4940,1.4801,1.4680,1.4572,1.4468,1.4363,1.4255,1.4144,1.4030,1.3917,1.3811,1.3713,1.3632,1.3572,1.3535,1.3524,1.3537,1.3571,1.3624,1.3688,1.3758,1.3828,1.3895,1.3952,1.4003,1.4045,1.4085,1.4127,1.4184,1.4274,1.4417,1.4635,1.4950,1.5378,1.5917,1.6557,1.7292,1.8092,1.9006,2.0215,2.2943,-1.9562,-1.3338,-1.1830,-1.0853,-0.99944,-0.91405,-0.82406,-0.72889,-0.62943,-0.53062,-0.43969,-0.36510,-0.31387,-0.29154,-0.30046,-0.34031,-0.40779,-0.49671,-0.60056,-0.71055,-0.82245,-0.93346,-1.0450,-1.1626,-1.2961,-1.4628,-1.6896,-2.0065,-2.4034,-2.7792,-3.0501,3.0681,2.9807,2.9511,2.9705,3.0389,-3.1215,-2.9398,-2.7065,-2.4513,-2.2158,-2.0250,-1.8799,-1.7721,-1.6915,-1.6307,-1.5842,-1.5485,-1.5208,-1.4996,-1.4837,-1.4722,-1.4641,-1.4592,-1.4570,-1.4574,-1.4603,-1.4659,-1.4744,-1.4863,-1.5018,-1.5219,-1.5467,-1.5769,-1.6125,-1.6539,-1.7007,-1.7528,-1.8096,-1.8697,-1.9317,-1.9947,-2.0580,-2.1229,-2.1927,-2.2731,-2.3746,-2.5107,-2.7054,-2.9765,2.9745,2.6510,2.3973,2.2224,2.1036,2.0222,1.9634,1.9167,1.8738,1.8252,1.7512,1.5787,0.60497,-0.80667,-1.0317,-1.1160,-1.1655,-1.2032,-1.2356,-1.2673,-1.2998,-1.3352,-1.3749,-1.4212,-1.4772,-1.5458,-1.6318,-1.7396,-1.8717,-2.0274,-2.1964,-2.3625,-2.5094,-2.6294
-2.7297,-2.7960,-2.8436,-2.8768,-2.8976,-2.9052,-2.8961,-2.8624,-2.7939,-2.6777,-2.5059,-2.2926,-2.0728,-1.8872,-1.7506,-1.6566,-1.5969,-1.5618,-1.5478,-1.5544,-1.5906,-1.6926,-2.0376,2.8848,2.2089,2.0411,1.9702,1.9307,1.9044,1.8843,1.8667,1.8502,1.8332,1.8149,1.7948,1.7722,1.7466,1.7180,1.6865,1.6532,1.6188,1.5851,1.5539,1.5262,1.5029,1.4836,1.4677,1.4542,1.4421,1.4308,1.4195,1.4081,1.3964,1.3846,1.3730,1.3623,1.3526,1.3449,1.3393,1.3364,1.3363,1.3388,1.3434,1.3500,1.3575,1.3656,1.3736,1.3812,1.3880,1.3940,1.3996,1.4053,1.4120,1.4211,1.4344,1.4536,1.4804,1.5160,1.5603,1.6121,1.6686,1.7254,1.7788,1.8232,1.8438,1.7054,-0.91825,-0.99568,-0.97518,-0.93513,-0.88551,-0.82696,-0.75937,-0.68472,-0.60379,-0.52139,-0.44328,-0.37794,-0.33234,-0.31287,-0.32335,-0.36443,-0.43370,-0.52587,-0.63471,-0.75193,-0.87317,-0.99723,-1.1264,-1.2680,-1.4351,-1.6475,-1.9276,-2.2748,-2.6329,-2.9249,-3.1244,3.0361,2.9724,2.9565,2.9851,3.0616,-3.0900,-2.8983,-2.6565,-2.3985,-2.1676,-1.9838,-1.8462,-1.7453,-1.6703,-1.6144,-1.5723,-1.5402,-1.5163,-1.4988,-1.4862,-1.4781,-1.4736,-1.4722,-1.4739,-1.4783,-1.4855,-1.4958,-1.5089,-1.5260,-1.5468,-1.5720,-1.6016,-1.6360,-1.6750,-1.7186,-1.7664,-1.8177,-1.8715,-1.9261,-1.9802,-2.0333,-2.0854,-2.1376,-2.1945,-2.2614,-2.3488,-2.4746,-2.6648,-2.9474,2.9684,2.6079,2.3352,2.1542,2.0341,1.9496,1.8838,1.8248,1.7607,1.6743,1.5233,1.1602,0.17122,-0.60912,-0.87728,-1.0028,-1.0789,-1.1349,-1.1812,-1.2238,-1.2651,-1.3079,-1.3542,-1.4061,-1.4668,-1.5399,-1.6301,-1.7419,-1.8783,-2.0370,-2.2085,-2.3754,-2.5216,-2.6392
-2.7315,-2.7953,-2.8403,-2.8705,-2.8867,-2.8871,-2.8664,-2.8144,-2.7191,-2.5692,-2.3679,-2.1468,-1.9507,-1.8028,-1.7030,-1.6412,-1.6086,-1.5995,-1.6131,-1.6556,-1.7457,-1.9415,-2.4210,2.9995,2.4625,2.2377,2.1263,2.0595,2.0136,1.9785,1.9490,1.9219,1.8959,1.8690,1.8408,1.8105,1.7774,1.7416,1.7034,1.6636,1.6236,1.5850,1.5498,1.5191,1.4935,1.4725,1.4554,1.4409,1.4281,1.4159,1.4041,1.3921,1.3800,1.3677,1.3560,1.3449,1.3354,1.3278,1.3229,1.3208,1.3216,1.3252,1.3311,1.3389,1.3475,1.3566,1.3656,1.3740,1.3817,1.3890,1.3961,1.4041,1.4136,1.4263,1.4439,1.4675,1.4982,1.5361,1.5802,1.6275,1.6736,1.7126,1.7353,1.7227,1.5944,0.63637,-0.63303,-0.80972,-0.84120,-0.83315,-0.80537,-0.76479,-0.71361,-0.65318,-0.58615,-0.51569,-0.44806,-0.39025,-0.34974,-0.33369,-0.34625,-0.38931,-0.46189,-0.55833,-0.67296,-0.79938,-0.93264,-1.0727,-1.2237,-1.3946,-1.5999,-1.8573,-2.1703,-2.5053,-2.8029,-3.0269,3.1048,3.0121,2.9663,2.9626,3.0010,3.0872,-3.0535,-2.8502,-2.5997,-2.3411,-2.1166,-1.9425,-1.8139,-1.7203,-1.6518,-1.6009,-1.5633,-1.5356,-1.5155,-1.5015,-1.4925,-1.4879,-1.4869,-1.4892,-1.4945,-1.5029,-1.5141,-1.5286,-1.5465,-1.5681,-1.5935,-1.6229,-1.6562,-1.6935,-1.7346,-1.7789,-1.8260,-1.8745,-1.9232,-1.9711,-2.0168,-2.0598,-2.1003,-2.1409,-2.1852,-2.2390,-2.3141,-2.4281,-2.6114,-2.9049,2.9701,2.5646,2.2715,2.0851,1.9630,1.8739,1.7995,1.7250,1.6349,1.5029,1.2697,0.78989,0.029522,-0.50410,-0.76364,-0.90742,-1.0011,-1.0717,-1.1298,-1.1822,-1.2316,-1.2815,-1.3339,-1.3910,-1.4565,-1.5341,-1.6280,-1.7430,-1.8818,-2.0426,-2.2147,-2.3814,-2.5268,-2.6433
-2.7267,-2.7890,-2.8318,-2.8585,-2.8694,-2.8609,-2.8257,-2.7519,-2.6262,-2.4459,-2.2311,-2.0254,-1.8641,-1.7538,-1.6867,-1.6519,-1.6430,-1.6579,-1.6989,-1.7771,-1.9178,-2.1806,-2.6562,3.0335,2.6209,2.3939,2.2617,2.1764,2.1151,2.0672,2.0268,1.9899,1.9547,1.9194,1.8829,1.8445,1.8039,1.7608,1.7157,1.6696,1.6241,1.5814,1.5429,1.5099,1.4828,1.4609,1.4431,1.4281,1.4149,1.4025,1.3901,1.3777,1.3651,1.3524,1.3402,1.3290,1.3196,1.3124,1.3081,1.3069,1.3087,1.3133,1.3203,1.3290,1.3386,1.3486,1.3584,1.3678,1.3766,1.3853,1.3941,1.4045,1.4171,1.4335,1.4546,1.4818,1.5152,1.5537,1.5952,1.6358,1.6698,1.6885,1.6763,1.5909,1.2501,0.094184,-0.55078,-0.71195,-0.75890,-0.76537,-0.75089,-0.72167,-0.68132,-0.63125,-0.57455,-0.51361,-0.45399,-0.40274,-0.36693,-0.35418,-0.36982,-0.41584,-0.49174,-0.59414,-0.71683,-0.85429,-1.0025,-1.1628,-1.3399,-1.5448,-1.7899,-2.0810,-2.3961,-2.6919,-2.9304,-3.1037,3.0627,2.9921,2.9615,2.9691,3.0179,3.1153,-3.0121,-2.7953,-2.5365,-2.2802,-2.0655,-1.9024,-1.7838,-1.6981,-1.6359,-1.5907,-1.5577,-1.5342,-1.5180,-1.5077,-1.5024,-1.5013,-1.5037,-1.5095,-1.5184,-1.5303,-1.5456,-1.5641,-1.5860,-1.6115,-1.6404,-1.6730,-1.7089,-1.7480,-1.7894,-1.8329,-1.8772,-1.9216,-1.9647,-2.0051,-2.0418,-2.0750,-2.1050,-2.1343,-2.1672,-2.2095,-2.2722,-2.3742,-2.5476,-2.8489,2.9821,2.5237,2.2089,2.0164,1.8903,1.7955,1.7095,1.6163,1.4958,1.3164,1.0178,0.52809,-0.038708,-0.43987,-0.67677,-0.82672,-0.93115,-1.0124,-1.0802,-1.1409,-1.1978,-1.2541,-1.3122,-1.3749,-1.4448,-1.5264,-1.6230,-1.7410,-1.8808,-2.0435,-2.2150,-2.3810,-2.5245,-2.6403
-2.7153,-2.7762,-2.8173,-2.8401,-2.8445,-2.8253,-2.7725,-2.6741,-2.5210,-2.3214,-2.1131,-1.9381,-1.8141,-1.7367,-1.6963,-1.6848,-1.6974,-1.7349,-1.8029,-1.9145,-2.0959,-2.3878,-2.8043,3.0445,2.7205,2.5110,2.3740,2.2782,2.2064,2.1485,2.0985,2.0525,2.0085,1.9648,1.9200,1.8735,1.8252,1.7747,1.7226,1.6706,1.6203,1.5738,1.5331,1.4987,1.4710,1.4489,1.4311,1.4162,1.4028,1.3901,1.3775,1.3645,1.3514,1.3383,1.3258,1.3145,1.3053,1.2986,1.2949,1.2945,1.2973,1.3029,1.3109,1.3205,1.3309,1.3418,1.3522,1.3625,1.3725,1.3825,1.3936,1.4063,1.4220,1.4416,1.4658,1.4954,1.5297,1.5672,1.6046,1.6369,1.6568,1.6531,1.5998,1.4209,0.83722,-0.12695,-0.52856,-0.66172,-0.71050,-0.72261,-0.71477,-0.69272,-0.65986,-0.61758,-0.56834,-0.51466,-0.46175,-0.41612,-0.38484,-0.37561,-0.39432,-0.44410,-0.52519,-0.63442,-0.76722,-0.91830,-1.0854,-1.2694,-1.4781,-1.7203,-1.9994,-2.3017,-2.5927,-2.8397,-3.0291,3.1178,3.0270,2.9743,2.9570,2.9758,3.0359,-3.1367,-2.9657,-2.7344,-2.4691,-2.2182,-2.0149,-1.8642,-1.7561,-1.6786,-1.6231,-1.5834,-1.5553,-1.5360,-1.5239,-1.5174,-1.5156,-1.5178,-1.5235,-1.5327,-1.5449,-1.5603,-1.5789,-1.6008,-1.6259,-1.6545,-1.6862,-1.7209,-1.7580,-1.7973,-1.8378,-1.8788,-1.9196,-1.9590,-1.9957,-2.0283,-2.0562,-2.0801,-2.1004,-2.1199,-2.1425,-2.1747,-2.2265,-2.3157,-2.4780,-2.7788,3.0083,2.4891,2.1482,1.9489,1.8171,1.7137,1.6130,1.4981,1.3456,1.1248,0.79191,0.35075,-0.078902,-0.39627,-0.60825,-0.75617,-0.86682,-0.95520,-1.0304,-1.0982,-1.1619,-1.2244,-1.2879,-1.3554,-1.4292,-1.5143,-1.6143,-1.7337,-1.8751,-2.0369,-2.2075,-2.3728,-2.5153,-2.6293
-2.6967,-2.7570,-2.7960,-2.8151,-2.8120,-2.7797,-2.7078,-2.5848,-2.4107,-2.2103,-2.0253,-1.8853,-1.7949,-1.7459,-1.7281,-1.7369,-1.7697,-1.8288,-1.9214,-2.0607,-2.2669,-2.5558,-2.9041,3.0458,2.7848,2.5981,2.4644,2.3649,2.2866,2.2210,2.1629,2.1090,2.0568,2.0047,1.9517,1.8969,1.8404,1.7821,1.7234,1.6656,1.6112,1.5620,1.5200,1.4854,1.4580,1.4365,1.4194,1.4049,1.3917,1.3790,1.3661,1.3527,1.3390,1.3254,1.3127,1.3014,1.2923,1.2863,1.2832,1.2838,1.2875,1.2942,1.3029,1.3133,1.3244,1.3358,1.3471,1.3582,1.3694,1.3811,1.3942,1.4092,1.4275,1.4497,1.4763,1.5070,1.5409,1.5754,1.6073,1.6300,1.6349,1.6052,1.5018,1.2045,0.45625,-0.25166,-0.53024,-0.63906,-0.68320,-0.69720,-0.69255,-0.67496,-0.64702,-0.61032,-0.56665,-0.51871,-0.47110,-0.43048,-0.40342,-0.39796,-0.42044,-0.47470,-0.56181,-0.67963,-0.82523,-0.99314,-1.1838,-1.3988,-1.6432,-1.9189,-2.2159,-2.5051,-2.7576,-2.9589,-3.1102,3.0653,2.9948,2.9574,2.9523,2.9824,3.0551,-3.1025,-2.9138,-2.6682,-2.3986,-2.1559,-1.9663,-1.8288,-1.7312,-1.6622,-1.6136,-1.5794,-1.5561,-1.5412,-1.5329,-1.5300,-1.5316,-1.5369,-1.5459,-1.5581,-1.5733,-1.5917,-1.6130,-1.6377,-1.6655,-1.6963,-1.7296,-1.7652,-1.8022,-1.8402,-1.8786,-1.9165,-1.9529,-1.9865,-2.0161,-2.0411,-2.0612,-2.0761,-2.0880,-2.0990,-2.1134,-2.1370,-2.1792,-2.2571,-2.4044,-2.6968,3.0547,2.4645,2.0925,1.8818,1.7420,1.6267,1.5089,1.3700,1.1871,0.93540,0.60368,0.22971,-0.10600,-0.36387,-0.55229,-0.69392,-0.80514,-0.89812,-0.97884,-1.0530,-1.1225,-1.1903,-1.2584,-1.3305,-1.4084,-1.4963,-1.5988,-1.7198,-1.8612,-2.0219,-2.1915,-2.3551,-2.4973,-2.6107
-2.6713,-2.7317,-2.7688,-2.7834,-2.7715,-2.7256,-2.6346,-2.4922,-2.3120,-2.1257,-1.9722,-1.8659,-1.8045,-1.7782,-1.7800,-1.8067,-1.8575,-1.9360,-2.0496,-2.2087,-2.4222,-2.6879,-2.9755,3.0429,2.8280,2.6633,2.5372,2.4377,2.3557,2.2850,2.2203,2.1592,2.0991,2.0387,1.9770,1.9136,1.8486,1.7826,1.7173,1.6543,1.5966,1.5461,1.5039,1.4702,1.4441,1.4240,1.4079,1.3942,1.3815,1.3687,1.3555,1.3417,1.3276,1.3136,1.3006,1.2896,1.2809,1.2754,1.2733,1.2747,1.2794,1.2868,1.2964,1.3074,1.3189,1.3311,1.3430,1.3550,1.3674,1.3808,1.3957,1.4130,1.4335,1.4575,1.4852,1.5159,1.5480,1.5786,1.6035,1.6156,1.6036,1.5443,1.3804,0.94698,0.16950,-0.33765,-0.54350,-0.63255,-0.67105,-0.68401,-0.68082,-0.66588,-0.64128,-0.60850,-0.56900,-0.52551,-0.48238,-0.44590,-0.42309,-0.42146,-0.44852,-0.50815,-0.60254,-0.73095,-0.89211,-1.0826,-1.3036,-1.5543,-1.8353,-2.1332,-2.4263,-2.6851,-2.8962,-3.0593,3.1031,3.0182,2.9645,2.9403,2.9469,2.9891,3.0757,-3.0646,-2.8566,-2.5959,-2.3261,-2.0950,-1.9207,-1.7965,-1.7097,-1.6490,-1.6070,-1.5784,-1.5599,-1.5493,-1.5447,-1.5452,-1.5500,-1.5584,-1.5702,-1.5849,-1.6026,-1.6234,-1.6472,-1.6741,-1.7035,-1.7355,-1.7693,-1.8045,-1.8406,-1.8764,-1.9120,-1.9457,-1.9770,-2.0046,-2.0279,-2.0455,-2.0580,-2.0656,-2.0700,-2.0742,-2.0821,-2.0991,-2.1338,-2.2011,-2.3336,-2.6066,3.1268,2.4569,2.0423,1.8157,1.6636,1.5329,1.3957,1.2316,1.0225,0.75870,0.45134,0.14219,-0.12459,-0.33774,-0.50356,-0.63621,-0.74563,-0.84052,-0.92500,-1.0032,-1.0773,-1.1498,-1.2225,-1.2984,-1.3799,-1.4710,-1.5750,-1.6968,-1.8377,-1.9971,-2.1655,-2.3281,-2.4703,-2.5846
-2.6399,-2.7007,-2.7361,-2.7461,-2.7250,-2.6656,-2.5590,-2.4070,-2.2327,-2.0732,-1.9519,-1.8751,-1.8369,-1.8306,-1.8495,-1.8923,-1.9594,-2.0549,-2.1828,-2.3503,-2.5569,-2.7915,-3.0294,3.0383,2.8581,2.7127,2.5954,2.4984,2.4154,2.3409,2.2711,2.2032,2.1353,2.0665,1.9957,1.9230,1.8491,1.7752,1.7034,1.6365,1.5766,1.5258,1.4849,1.4533,1.4295,1.4116,1.3970,1.3843,1.3720,1.3593,1.3458,1.3315,1.3169,1.3027,1.2898,1.2789,1.2708,1.2661,1.2650,1.2674,1.2729,1.2811,1.2913,1.3027,1.3148,1.3274,1.3400,1.3529,1.3666,1.3815,1.3980,1.4173,1.4392,1.4642,1.4919,1.5214,1.5506,1.5763,1.5937,1.5941,1.5635,1.4700,1.2321,0.67201,-0.033621,-0.40467,-0.56387,-0.63641,-0.66933,-0.68066,-0.67742,-0.66383,-0.64111,-0.61085,-0.57433,-0.53462,-0.49542,-0.46272,-0.44378,-0.44664,-0.47788,-0.54369,-0.64721,-0.78968,-0.97167,-1.1915,-1.4493,-1.7400,-2.0504,-2.3520,-2.6211,-2.8420,-3.0150,3.1370,3.0405,2.9736,2.9343,2.9222,2.9405,2.9956,3.0978,-3.0225,-2.7932,-2.5200,-2.2531,-2.0363,-1.8785,-1.7678,-1.6915,-1.6390,-1.6036,-1.5803,-1.5664,-1.5598,-1.5589,-1.5627,-1.5704,-1.5815,-1.5955,-1.6124,-1.6323,-1.6550,-1.6805,-1.7087,-1.7390,-1.7710,-1.8045,-1.8386,-1.8725,-1.9056,-1.9373,-1.9665,-1.9927,-2.0146,-2.0312,-2.0424,-2.0481,-2.0494,-2.0482,-2.0472,-2.0506,-2.0627,-2.0919,-2.1508,-2.2687,-2.5143,-3.0519,2.4745,1.9989,1.7484,1.5788,1.4279,1.2692,1.0816,0.85713,0.59965,0.33035,0.077220,-0.13838,-0.31551,-0.46011,-0.58188,-0.68666,-0.78053,-0.86641,-0.94732,-1.0250,-1.1012,-1.1779,-1.2572,-1.3414,-1.4348,-1.5401,-1.6624,-1.8036,-1.9627,-2.1296,-2.2926,-2.4357,-2.5519
-2.6034,-2.6653,-2.6995,-2.7054,-2.6757,-2.6054,-2.4893,-2.3399,-2.1835,-2.0524,-1.9608,-1.9086,-1.8909,-1.9006,-1.9350,-1.9920,-2.0726,-2.1794,-2.3153,-2.4806,-2.6710,-2.8739,-3.0717,3.0328,2.8794,2.7509,2.6428,2.5497,2.4667,2.3896,2.3153,2.2411,2.1657,2.0877,2.0071,1.9244,1.8412,1.7594,1.6820,1.6117,1.5512,1.5020,1.4639,1.4355,1.4147,1.3992,1.3865,1.3749,1.3632,1.3505,1.3367,1.3220,1.3070,1.2928,1.2799,1.2696,1.2623,1.2585,1.2583,1.2616,1.2679,1.2768,1.2874,1.2993,1.3120,1.3249,1.3381,1.3520,1.3667,1.3830,1.4010,1.4212,1.4442,1.4693,1.4964,1.5237,1.5492,1.5692,1.5781,1.5662,1.5152,1.3820,1.0574,0.41098,-0.17985,-0.46112,-0.58691,-0.64733,-0.67498,-0.68368,-0.68020,-0.66679,-0.64519,-0.61682,-0.58274,-0.54581,-0.50980,-0.48042,-0.46522,-0.47200,-0.50897,-0.58218,-0.69707,-0.85708,-1.0668,-1.3255,-1.6297,-1.9583,-2.2802,-2.5635,-2.7961,-2.9787,-3.1192,3.0581,2.9813,2.9299,2.9034,2.9029,2.9330,3.0022,3.1225,-2.9754,-2.7240,-2.4403,-2.1813,-1.9815,-1.8398,-1.7427,-1.6765,-1.6321,-1.6027,-1.5850,-1.5756,-1.5728,-1.5752,-1.5819,-1.5920,-1.6052,-1.6213,-1.6402,-1.6616,-1.6857,-1.7120,-1.7406,-1.7711,-1.8027,-1.8349,-1.8668,-1.8980,-1.9277,-1.9553,-1.9799,-2.0008,-2.0168,-2.0277,-2.0331,-2.0331,-2.0296,-2.0241,-2.0197,-2.0205,-2.0306,-2.0561,-2.1086,-2.2119,-2.4262,-2.9172,2.5299,1.9618,1.6741,1.4803,1.3074,1.1263,0.92361,0.69731,0.45988,0.23151,0.026473,-0.14767,-0.29473,-0.41996,-0.52935,-0.62692,-0.71745,-0.80249,-0.88429,-0.96404,-1.0431,-1.1225,-1.2043,-1.2906,-1.3857,-1.4927,-1.6159,-1.7571,-1.9146,-2.0821,-2.2455,-2.3924,-2.5131
-2.5628,-2.6273,-2.6628,-2.6637,-2.6278,-2.5495,-2.4339,-2.2963,-2.1640,-2.0609,-1.9952,-1.9646,-1.9636,-1.9881,-2.0349,-2.1031,-2.1932,-2.3058,-2.4411,-2.5971,-2.7666,-2.9401,-3.1057,3.0271,2.8952,2.7811,2.6818,2.5930,2.5111,2.4324,2.3541,2.2736,2.1901,2.1022,2.0107,1.9172,1.8240,1.7345,1.6523,1.5805,1.5216,1.4752,1.4411,1.4169,1.3997,1.3872,1.3764,1.3660,1.3546,1.3419,1.3277,1.3128,1.2977,1.2835,1.2712,1.2614,1.2551,1.2523,1.2532,1.2574,1.2645,1.2739,1.2850,1.2972,1.3102,1.3236,1.3375,1.3522,1.3680,1.3851,1.4043,1.4253,1.4482,1.4730,1.4983,1.5228,1.5439,1.5578,1.5580,1.5331,1.4586,1.2785,0.86208,0.18871,-0.28861,-0.50901,-0.61179,-0.66183,-0.68503,-0.69169,-0.68713,-0.67369,-0.65263,-0.62548,-0.59306,-0.55817,-0.52483,-0.49861,-0.48706,-0.49835,-0.54124,-0.62309,-0.75275,-0.93700,-1.1853,-1.4962,-1.8498,-2.2015,-2.5108,-2.7594,-2.9526,-3.1009,3.0690,2.9844,2.9240,2.8860,2.8711,2.8820,2.9246,3.0091,-3.1331,-2.9221,-2.6486,-2.3588,-2.1122,-1.9306,-1.8055,-1.7211,-1.6648,-1.6279,-1.6049,-1.5921,-1.5869,-1.5876,-1.5930,-1.6020,-1.6145,-1.6295,-1.6472,-1.6673,-1.6897,-1.7144,-1.7412,-1.7695,-1.7994,-1.8297,-1.8598,-1.8891,-1.9172,-1.9434,-1.9667,-1.9866,-2.0024,-2.0132,-2.0189,-2.0187,-2.0147,-2.0074,-1.9995,-1.9938,-1.9938,-2.0024,-2.0263,-2.0742,-2.1654,-2.3444,-2.7594,2.6465,1.9276,1.5832,1.3591,1.1640,0.96682,0.75849,0.54465,0.33860,0.15072,-0.013485,-0.15430,-0.27563,-0.38166,-0.47779,-0.56657,-0.65137,-0.73338,-0.81416,-0.89375,-0.97377,-1.0546,-1.1384,-1.2270,-1.3234,-1.4312,-1.5539,-1.6944,-1.8531,-2.0231,-2.1908,-2.3420,-2.4668
-2.5192,-2.5891,-2.6253,-2.6252,-2.5860,-2.5090,-2.4016,-2.2818,-2.1751,-2.0969,-2.0532,-2.0409,-2.0546,-2.0909,-2.1472,-2.2229,-2.3171,-2.4293,-2.5580,-2.6992,-2.8469,-2.9942,-3.1341,3.0214,2.9072,2.8058,2.7146,2.6305,2.5501,2.4701,2.3881,2.3013,2.2086,2.1098,2.0063,1.9006,1.7971,1.7007,1.6152,1.5440,1.4880,1.4466,1.4176,1.3983,1.3852,1.3754,1.3668,1.3573,1.3463,1.3335,1.3191,1.3039,1.2889,1.2750,1.2632,1.2546,1.2490,1.2476,1.2495,1.2546,1.2625,1.2724,1.2839,1.2964,1.3098,1.3237,1.3382,1.3536,1.3701,1.3881,1.4077,1.4290,1.4516,1.4750,1.4981,1.5192,1.5357,1.5432,1.5341,1.4945,1.3943,1.1605,0.65793,0.011321,-0.37334,-0.55096,-0.63658,-0.67864,-0.69791,-0.70245,-0.69688,-0.68307,-0.66228,-0.63556,-0.60444,-0.57097,-0.53956,-0.51652,-0.50857,-0.52428,-0.57407,-0.66673,-0.81586,-1.0350,-1.3393,-1.7152,-2.1124,-2.4584,-2.7298,-2.9359,-3.0923,3.0713,2.9806,2.9136,2.8674,2.8412,2.8374,2.8594,2.9153,3.0170,-3.1017,-2.8623,-2.5671,-2.2771,-2.0464,-1.8843,-1.7754,-1.7034,-1.6565,-1.6269,-1.6095,-1.6014,-1.5999,-1.6037,-1.6117,-1.6230,-1.6371,-1.6536,-1.6724,-1.6933,-1.7163,-1.7411,-1.7676,-1.7953,-1.8237,-1.8520,-1.8797,-1.9061,-1.9307,-1.9529,-1.9720,-1.9874,-1.9983,-2.0042,-2.0054,-2.0013,-1.9939,-1.9845,-1.9756,-1.9699,-1.9701,-1.9801,-2.0034,-2.0483,-2.1267,-2.2724,-2.5903,2.8636,1.8923,1.4598,1.2045,0.99219,0.78987,0.59209,0.40484,0.23399,0.084233,-0.045894,-0.15799,-0.25634,-0.34473,-0.42683,-0.50522,-0.58234,-0.65858,-0.73576,-0.81365,-0.89274,-0.97387,-1.0586,-1.1473,-1.2440,-1.3518,-1.4749,-1.6160,-1.7778,-1.9500,-2.1253,-2.2843,-2.4164
-2.4762,-2.5524,-2.5934,-2.5947,-2.5591,-2.4868,-2.3916,-2.2935,-2.2125,-2.1590,-2.1343,-2.1366,-2.1613,-2.2063,-2.2687,-2.3472,-2.4403,-2.5464,-2.6632,-2.7878,-2.9149,-3.0396,3.1252,3.0161,2.9169,2.8264,2.7429,2.6635,2.5850,2.5042,2.4181,2.3245,2.2217,2.1102,1.9925,1.8740,1.7605,1.6582,1.5718,1.5031,1.4524,1.4172,1.3943,1.3801,1.3713,1.3642,1.3573,1.3485,1.3378,1.3248,1.3103,1.2951,1.2803,1.2670,1.2563,1.2486,1.2446,1.2442,1.2472,1.2533,1.2618,1.2722,1.2841,1.2972,1.3108,1.3250,1.3401,1.3562,1.3734,1.3917,1.4114,1.4324,1.4541,1.4757,1.4962,1.5138,1.5252,1.5258,1.5071,1.4512,1.3216,1.0287,0.45849,-0.12680,-0.43945,-0.58682,-0.65916,-0.69540,-0.71140,-0.71436,-0.70789,-0.69343,-0.67255,-0.64581,-0.61519,-0.58298,-0.55351,-0.53255,-0.52827,-0.54859,-0.60607,-0.71308,-0.88995,-1.1629,-1.5499,-1.9976,-2.4034,-2.7094,-2.9300,-3.0945,3.0642,2.9691,2.8970,2.8447,2.8108,2.7956,2.8020,2.8357,2.9054,3.0266,-3.0651,-2.7947,-2.4811,-2.1969,-1.9856,-1.8430,-1.7498,-1.6893,-1.6511,-1.6282,-1.6162,-1.6122,-1.6142,-1.6209,-1.6311,-1.6442,-1.6595,-1.6770,-1.6965,-1.7178,-1.7409,-1.7653,-1.7910,-1.8173,-1.8439,-1.8699,-1.8947,-1.9180,-1.9390,-1.9573,-1.9722,-1.9833,-1.9899,-1.9916,-1.9886,-1.9818,-1.9721,-1.9618,-1.9533,-1.9488,-1.9509,-1.9622,-1.9864,-2.0279,-2.0944,-2.2073,-2.4237,-3.0471,1.8327,1.2667,0.99492,0.78780,0.60128,0.43146,0.27894,0.14470,0.028343,-0.072191,-0.15953,-0.23711,-0.30849,-0.37665,-0.44332,-0.51067,-0.57950,-0.65064,-0.72447,-0.80094,-0.87973,-0.96297,-1.0507,-1.1469,-1.2548,-1.3780,-1.5197,-1.6834,-1.8601,-2.0460,-2.2187,-2.3614
-2.4334,-2.5223,-2.5694,-2.5784,-2.5488,-2.4880,-2.4116,-2.3372,-2.2780,-2.2444,-2.2354,-2.2493,-2.2824,-2.3322,-2.3961,-2.4723,-2.5589,-2.6552,-2.7581,-2.8651,-2.9730,-3.0783,3.1047,3.0113,2.9248,2.8445,2.7683,2.6936,2.6170,2.5357,2.4456,2.3441,2.2294,2.1030,1.9696,1.8367,1.7138,1.6080,1.5233,1.4602,1.4164,1.3885,1.3723,1.3632,1.3580,1.3535,1.3478,1.3396,1.3289,1.3159,1.3013,1.2863,1.2721,1.2598,1.2502,1.2438,1.2412,1.2421,1.2462,1.2531,1.2624,1.2734,1.2857,1.2991,1.3130,1.3278,1.3434,1.3598,1.3775,1.3959,1.4154,1.4356,1.4559,1.4756,1.4932,1.5069,1.5131,1.5066,1.4770,1.4040,1.2414,0.88528,0.27973,-0.23208,-0.49098,-0.61600,-0.67902,-0.71061,-0.72406,-0.72525,-0.71790,-0.70285,-0.68133,-0.65471,-0.62426,-0.59240,-0.56432,-0.54585,-0.54434,-0.56987,-0.63719,-0.76359,-0.98476,-1.3440,-1.8452,-2.3354,-2.6937,-2.9356,-3.1083,3.0475,2.9494,2.8737,2.8173,2.7773,2.7542,2.7491,2.7656,2.8106,2.8955,3.0388,-3.0218,-2.7187,-2.3913,-2.1199,-1.9306,-1.8071,-1.7282,-1.6786,-1.6485,-1.6317,-1.6246,-1.6244,-1.6296,-1.6385,-1.6505,-1.6649,-1.6812,-1.6995,-1.7192,-1.7405,-1.7631,-1.7868,-1.8112,-1.8360,-1.8602,-1.8837,-1.9055,-1.9253,-1.9429,-1.9573,-1.9683,-1.9753,-1.9779,-1.9760,-1.9700,-1.9610,-1.9505,-1.9406,-1.9333,-1.9314,-1.9360,-1.9493,-1.9736,-2.0115,-2.0664,-2.1460,-2.2687,-2.5468,1.6083,0.93425,0.72098,0.55801,0.41305,0.28336,0.16805,0.067982,-0.018096,-0.093131,-0.15862,-0.21779,-0.27319,-0.32712,-0.38121,-0.43773,-0.49747,-0.56069,-0.62758,-0.69839,-0.77292,-0.85275,-0.93795,-1.0321,-1.1373,-1.2585,-1.4006,-1.5678,-1.7568,-1.9540,-2.1398,-2.3071
-2.3941,-2.5014,-2.5627,-2.5802,-2.5631,-2.5185,-2.4626,-2.4085,-2.3705,-2.3536,-2.3560,-2.3775,-2.4143,-2.4646,-2.5247,-2.5945,-2.6715,-2.7549,-2.8425,-2.9328,-3.0230,-3.1115,3.0869,3.0070,2.9320,2.8609,2.7918,2.7220,2.6480,2.5659,2.4716,2.3611,2.2324,2.0878,1.9361,1.7888,1.6581,1.5519,1.4722,1.4170,1.3818,1.3616,1.3516,1.3476,1.3456,1.3430,1.3382,1.3304,1.3196,1.3064,1.2920,1.2775,1.2642,1.2530,1.2448,1.2401,1.2389,1.2412,1.2464,1.2542,1.2642,1.2758,1.2886,1.3024,1.3169,1.3322,1.3480,1.3648,1.3823,1.4008,1.4198,1.4389,1.4577,1.4750,1.4897,1.4993,1.5002,1.4862,1.4450,1.3522,1.1516,0.73436,0.12833,-0.31151,-0.52990,-0.63836,-0.69416,-0.72191,-0.73349,-0.73383,-0.72537,-0.70958,-0.68740,-0.66014,-0.62920,-0.59802,-0.57061,-0.55364,-0.55473,-0.58614,-0.66524,-0.82287,-1.1179,-1.6310,-2.2422,-2.6833,-2.9544,-3.1323,3.0206,2.9213,2.8446,2.7850,2.7414,2.7122,2.6988,2.7027,2.7285,2.7851,2.8864,3.0547,-2.9702,-2.6341,-2.3008,-2.0480,-1.8812,-1.7760,-1.7108,-1.6710,-1.6482,-1.6372,-1.6344,-1.6376,-1.6453,-1.6561,-1.6696,-1.6850,-1.7020,-1.7205,-1.7402,-1.7612,-1.7830,-1.8057,-1.8284,-1.8512,-1.8731,-1.8937,-1.9125,-1.9291,-1.9431,-1.9540,-1.9613,-1.9644,-1.9635,-1.9587,-1.9504,-1.9403,-1.9298,-1.9213,-1.9164,-1.9166,-1.9241,-1.9393,-1.9635,-1.9968,-2.0383,-2.0843,-2.1255,-2.0982,-0.41410,0.42757,0.40543,0.32531,0.23664,0.15113,0.072764,0.0035692,-0.056657,-0.10939,-0.15576,-0.19802,-0.23801,-0.27810,-0.31998,-0.36482,-0.41336,-0.46674,-0.52501,-0.58775,-0.65565,-0.72971,-0.81001,-0.89820,-0.99885,-1.1161,-1.2576,-1.4254,-1.6245,-1.8398,-2.0538,-2.2401
-2.3586,-2.4920,-2.5742,-2.6114,-2.6098,-2.5830,-2.5453,-2.5126,-2.4901,-2.4843,-2.4942,-2.5186,-2.5540,-2.5995,-2.6526,-2.7120,-2.7767,-2.8460,-2.9183,-2.9928,-3.0677,-3.1412,3.0710,3.0034,2.9388,2.8765,2.8145,2.7501,2.6791,2.5968,2.4977,2.3763,2.2306,2.0642,1.8915,1.7300,1.5951,1.4926,1.4212,1.3755,1.3495,1.3374,1.3334,1.3334,1.3339,1.3327,1.3281,1.3204,1.3095,1.2964,1.2822,1.2685,1.2563,1.2467,1.2402,1.2372,1.2374,1.2411,1.2476,1.2564,1.2672,1.2796,1.2929,1.3072,1.3221,1.3378,1.3540,1.3709,1.3884,1.4064,1.4247,1.4427,1.4597,1.4746,1.4860,1.4914,1.4865,1.4640,1.4099,1.2948,1.0534,0.58583,0.0064631,-0.36923,-0.55743,-0.65313,-0.70337,-0.72853,-0.73839,-0.73759,-0.72820,-0.71147,-0.68819,-0.65996,-0.62836,-0.59614,-0.56908,-0.55287,-0.55717,-0.59485,-0.69071,-0.89653,-1.3456,-2.0972,-2.6770,-2.9857,3.1126,2.9851,2.8874,2.8105,2.7499,2.7034,2.6704,2.6506,2.6453,2.6572,2.6922,2.7606,2.8792,3.0761,-2.9086,-2.5416,-2.2124,-1.9822,-1.8383,-1.7501,-1.6970,-1.6661,-1.6501,-1.6441,-1.6451,-1.6512,-1.6610,-1.6735,-1.6879,-1.7041,-1.7214,-1.7398,-1.7593,-1.7796,-1.8006,-1.8218,-1.8428,-1.8636,-1.8829,-1.9009,-1.9167,-1.9301,-1.9407,-1.9478,-1.9516,-1.9516,-1.9476,-1.9404,-1.9308,-1.9203,-1.9107,-1.9041,-1.9017,-1.9050,-1.9151,-1.9316,-1.9540,-1.9807,-2.0065,-2.0211,-1.9919,-1.7977,-0.89339,-0.059242,0.10438,0.11406,0.081779,0.037395,-0.0084070,-0.050859,-0.088671,-0.12212,-0.15134,-0.17814,-0.20400,-0.23066,-0.25935,-0.29191,-0.32880,-0.37121,-0.41870,-0.47236,-0.53062,-0.59554,-0.66672,-0.74654,-0.83999,-0.95097,-1.0853,-1.2511,-1.4565,-1.6937,-1.9418,-2.1726
-2.3321,-2.5094,-2.6259,-2.6804,-2.6987,-2.6868,-2.6656,-2.6456,-2.6351,-2.6353,-2.6462,-2.6682,-2.6982,-2.7348,-2.7771,-2.8237,-2.8746,-2.9295,-2.9874,-3.0472,-3.1078,3.1153,3.0569,3.0005,2.9460,2.8925,2.8380,2.7793,2.7118,2.6298,2.5256,2.3913,2.2242,2.0313,1.8353,1.6621,1.5273,1.4327,1.3721,1.3376,1.3213,1.3163,1.3175,1.3207,1.3229,1.3221,1.3177,1.3095,1.2984,1.2854,1.2719,1.2592,1.2486,1.2408,1.2361,1.2349,1.2370,1.2421,1.2499,1.2598,1.2715,1.2845,1.2986,1.3134,1.3288,1.3448,1.3613,1.3783,1.3956,1.4131,1.4305,1.4470,1.4621,1.4746,1.4826,1.4833,1.4720,1.4404,1.3718,1.2316,0.94659,0.44372,-0.087395,-0.40934,-0.57355,-0.65950,-0.70531,-0.72842,-0.73692,-0.73469,-0.72432,-0.70595,-0.68146,-0.65157,-0.61889,-0.58537,-0.55733,-0.54179,-0.54688,-0.59168,-0.71117,-1.0219,-1.8241,-2.6776,-3.0355,3.0630,2.9409,2.8492,2.7744,2.7142,2.6664,2.6301,2.6054,2.5931,2.5948,2.6140,2.6575,2.7374,2.8754,3.1052,-2.8351,-2.4433,-2.1278,-1.9236,-1.8012,-1.7285,-1.6865,-1.6638,-1.6536,-1.6518,-1.6562,-1.6648,-1.6763,-1.6902,-1.7053,-1.7218,-1.7393,-1.7576,-1.7766,-1.7960,-1.8157,-1.8355,-1.8548,-1.8733,-1.8902,-1.9054,-1.9184,-1.9288,-1.9361,-1.9400,-1.9405,-1.9374,-1.9309,-1.9221,-1.9118,-1.9016,-1.8934,-1.8889,-1.8892,-1.8953,-1.9072,-1.9239,-1.9430,-1.9615,-1.9705,-1.9535,-1.8696,-1.6021,-0.95755,-0.36192,-0.13020,-0.059165,-0.046849,-0.057655,-0.076221,-0.096338,-0.11504,-0.13141,-0.14530,-0.15807,-0.17036,-0.18395,-0.20013,-0.22013,-0.24475,-0.27542,-0.31100,-0.35253,-0.39947,-0.45258,-0.51240,-0.58200,-0.66183,-0.75915,-0.87823,-1.0340,-1.2364,-1.4880,-1.7868,-2.0769
-2.3093,-2.5767,-2.7313,-2.8144,-2.8406,-2.8412,-2.8272,-2.8129,-2.8040,-2.8025,-2.8096,-2.8231,-2.8432,-2.8679,-2.8965,-2.9297,-2.9667,-3.0074,-3.0512,-3.0974,3.1385,3.0909,3.0440,2.9984,2.9539,2.9095,2.8630,2.8110,2.7484,2.6677,2.5580,2.4090,2.2146,1.9889,1.7673,1.5862,1.4570,1.3749,1.3277,1.3047,1.2974,1.2989,1.3038,1.3092,1.3120,1.3113,1.3063,1.2976,1.2863,1.2737,1.2610,1.2498,1.2409,1.2350,1.2325,1.2332,1.2372,1.2439,1.2530,1.2641,1.2771,1.2908,1.3057,1.3212,1.3372,1.3534,1.3701,1.3870,1.4041,1.4208,1.4371,1.4522,1.4653,1.4750,1.4793,1.4750,1.4568,1.4146,1.3292,1.1603,0.83238,0.31768,-0.15677,-0.43382,-0.57921,-0.65761,-0.69959,-0.72058,-0.72756,-0.72400,-0.71168,-0.69165,-0.66508,-0.63269,-0.59772,-0.56200,-0.53170,-0.51364,-0.51821,-0.56757,-0.72558,-1.3482,-2.6786,-3.1176,2.9983,2.8909,2.8082,2.7396,2.6815,2.6327,2.5942,2.5661,2.5479,2.5420,2.5497,2.5750,2.6261,2.7178,2.8769,-3.1389,-2.7491,-2.3426,-2.0488,-1.8722,-1.7698,-1.7112,-1.6788,-1.6630,-1.6580,-1.6602,-1.6673,-1.6780,-1.6909,-1.7056,-1.7215,-1.7382,-1.7556,-1.7736,-1.7919,-1.8104,-1.8291,-1.8473,-1.8647,-1.8809,-1.8955,-1.9082,-1.9184,-1.9258,-1.9300,-1.9310,-1.9285,-1.9228,-1.9143,-1.9041,-1.8936,-1.8843,-1.8779,-1.8757,-1.8789,-1.8867,-1.8994,-1.9143,-1.9289,-1.9370,-1.9276,-1.8805,-1.7528,-1.4623,-0.96873,-0.52792,-0.29559,-0.19314,-0.15040,-0.13568,-0.13278,-0.13384,-0.13618,-0.13773,-0.13805,-0.13770,-0.13714,-0.13836,-0.14199,-0.14981,-0.16207,-0.17941,-0.20226,-0.23061,-0.26417,-0.30436,-0.34981,-0.40368,-0.46701,-0.54559,-0.64208,-0.77148,-0.94871,-1.1939,-1.5278,-1.9295
-2.2992,-2.7639,-2.9654,-3.0404,-3.0593,-3.0508,-3.0296,-3.0094,-2.9929,-2.9832,-2.9793,-2.9806,-2.9866,-2.9974,-3.0124,-3.0312,-3.0542,-3.0811,-3.1114,3.1386,3.1036,3.0678,3.0322,2.9974,2.9631,2.9284,2.8911,2.8474,2.7914,2.7136,2.5994,2.4320,2.2022,1.9348,1.6880,1.5049,1.3881,1.3220,1.2892,1.2775,1.2779,1.2847,1.2923,1.2985,1.3012,1.2997,1.2936,1.2845,1.2731,1.2610,1.2497,1.2401,1.2333,1.2296,1.2294,1.2322,1.2381,1.2466,1.2571,1.2697,1.2836,1.2986,1.3142,1.3305,1.3469,1.3636,1.3804,1.3972,1.4136,1.4298,1.4449,1.4583,1.4692,1.4759,1.4761,1.4663,1.4398,1.3856,1.2808,1.0805,0.71581,0.21099,-0.20541,-0.44560,-0.57525,-0.64635,-0.68519,-0.70391,-0.70890,-0.70316,-0.68887,-0.66592,-0.63622,-0.60114,-0.56227,-0.52240,-0.48734,-0.46297,-0.45900,-0.50322,-0.74024,-2.6775,3.0403,2.9121,2.8333,2.7674,2.7077,2.6535,2.6060,2.5658,2.5344,2.5119,2.4995,2.4983,2.5107,2.5412,2.5994,2.7030,2.8855,-3.0861,-2.6505,-2.2430,-1.9783,-1.8275,-1.7432,-1.6967,-1.6732,-1.6634,-1.6630,-1.6684,-1.6779,-1.6903,-1.7046,-1.7199,-1.7362,-1.7530,-1.7703,-1.7879,-1.8055,-1.8231,-1.8403,-1.8570,-1.8726,-1.8869,-1.8993,-1.9095,-1.9171,-1.9217,-1.9232,-1.9214,-1.9162,-1.9082,-1.8982,-1.8872,-1.8768,-1.8686,-1.8642,-1.8643,-1.8690,-1.8783,-1.8901,-1.9027,-1.9099,-1.9051,-1.8767,-1.8021,-1.6441,-1.3566,-0.96358,-0.62080,-0.40884,-0.29420,-0.23309,-0.19940,-0.17900,-0.16527,-0.15343,-0.14190,-0.12951,-0.11684,-0.10443,-0.093574,-0.084938,-0.079954,-0.079352,-0.083933,-0.092894,-0.10776,-0.12698,-0.15148,-0.18192,-0.21717,-0.26164,-0.31808,-0.38721,-0.47435,-0.58722,-0.75320,-1.0287,-1.5472
